0.015278838808250572 0.045454545454545456 0.03636363636363636 0.016700336700336698 
0.007639419404125286 0.04686035613870665 0.03636363636363636 0.01664983164983165 
0.007639419404125286 0.048355899419729204 0.04132231404958678 0.01663299663299663 
0.007639419404125286 0.04887585532746823 0.039525691699604744 0.01663299663299663 
0.01145912910618793 0.04662004662004662 0.045454545454545456 0.01663299663299663 
0.015278838808250572 0.045454545454545456 0.039525691699604744 0.01664983164983165 
0.007639419404125286 0.04638218923933209 0.03787878787878787 0.01664983164983165 
0.007639419404125286 0.04940711462450593 0.03787878787878787 0.01663299663299663 
0.015278838808250572 0.04568296025582458 0.03636363636363636 0.01664983164983165 
0.015278838808250572 0.04638218923933209 0.039525691699604744 0.01663299663299663 
0.015278838808250572 0.045454545454545456 0.03787878787878787 0.016683501683501682 
0.007639419404125286 0.046146746654360866 0.039525691699604744 0.01664983164983165 
0.01145912910618793 0.04591368227731864 0.039525691699604744 0.01664983164983165 
0.007639419404125286 0.046146746654360866 0.03636363636363636 0.016666666666666666 
0.01145912910618793 0.04568296025582458 0.03636363636363636 0.016666666666666666 
0.01145912910618793 0.04686035613870665 0.039525691699604744 0.01663299663299663 
