0.00287686996547756 0.0073195725369638405 0.00704721634954193 0.08698653198653197 
0.00287686996547756 0.0073195725369638405 0.007272727272727273 0.08693602693602694 
0.00143843498273878 0.007331378299120234 0.0066844919786096255 0.08678451178451178 
0.00287686996547756 0.0073195725369638405 0.007158196134574087 0.08695286195286195 
0.00287686996547756 0.0073195725369638405 0.0066844919786096255 0.08699494949494949 
0.00287686996547756 0.0073195725369638405 0.007331378299120234 0.08675084175084175 
0.00215765247410817 0.0073195725369638405 0.007390983000739099 0.08673400673400673 
0.00143843498273878 0.00734322220590395 0.007331378299120234 0.08673400673400673 
0.00215765247410817 0.00734322220590395 0.007390983000739099 0.0867171717171717 
0.00143843498273878 0.00734322220590395 0.007451564828614009 0.0867171717171717 
0.00143843498273878 0.00734322220590395 0.007575757575757575 0.08668350168350168 
0.00215765247410817 0.00734322220590395 0.007905138339920948 0.08661616161616162 
0.00143843498273878 0.007331378299120234 0.00819000819000819 0.0867003367003367 
0.00143843498273878 0.007331378299120234 0.007905138339920948 0.08676767676767676 
0.00287686996547756 0.00734322220590395 0.006835269993164729 0.0865909090909091 
0.0035960874568469504 0.00732547066149 0.0066844919786096255 0.08669191919191918 
0.00287686996547756 0.007331378299120234 0.006887052341597796 0.0865909090909091 
0.0035960874568469504 0.0073195725369638405 0.006835269993164729 0.08665824915824916 
0.00287686996547756 0.007331378299120234 0.006784260515603799 0.08665824915824916 
0.0035960874568469504 0.0073195725369638405 0.006635700066357 0.08677609427609427 
0.00287686996547756 0.007331378299120234 0.006635700066357 0.08672558922558922 
0.00287686996547756 0.00734322220590395 0.006635700066357 0.08669191919191918 
0.00215765247410817 0.0073195725369638405 0.007513148009015778 0.0867171717171717 
0.00215765247410817 0.0073195725369638405 0.007639419404125286 0.08668350168350168 
0.00215765247410817 0.0073195725369638405 0.007905138339920948 0.08663299663299663 
0.00215765247410817 0.00734322220590395 0.007704160246533128 0.08664983164983164 
0.00143843498273878 0.00734322220590395 0.007836990595611285 0.08663299663299663 
0.00143843498273878 0.007331378299120234 0.008116883116883116 0.0867171717171717 
0.00143843498273878 0.007355104442483083 0.006635700066357 0.08654882154882156 
0.00143843498273878 0.007331378299120234 0.007974481658692184 0.08675084175084175 
0.00287686996547756 0.0073491585213493055 0.006784260515603799 0.0865909090909091 
0.0035960874568469504 0.00732547066149 0.006784260515603799 0.08665824915824916 
0.00215765247410817 0.007384978952809983 0.0066844919786096255 0.08638047138047138 
0.00143843498273878 0.007384978952809983 0.0066844919786096255 0.08639730639730639 
0.00215765247410817 0.007390983000739099 0.0066844919786096255 0.08636363636363636 
0.00143843498273878 0.007390983000739099 0.0066844919786096255 0.08638047138047138 
0.00215765247410817 0.007355104442483083 0.0066844919786096255 0.08641414141414142 
0.00143843498273878 0.007355104442483083 0.0066844919786096255 0.08643097643097643 
0.00215765247410817 0.0073195725369638405 0.007836990595611285 0.08664983164983164 
0.00287686996547756 0.007331378299120234 0.0066844919786096255 0.08669191919191918 
0.00215765247410817 0.00737300007373 0.006635700066357 0.08639730639730639 
0.00287686996547756 0.0073491585213493055 0.006635700066357 0.08665824915824916 
0.00143843498273878 0.00737300007373 0.006635700066357 0.08641414141414142 
0.00143843498273878 0.007396996819291368 0.006635700066357 0.08639730639730639 
0.00215765247410817 0.007396996819291368 0.006635700066357 0.08638047138047138 
0.00287686996547756 0.0073491585213493055 0.0066844919786096255 0.08662457912457912 
0.00143843498273878 0.007415097137772504 0.006635700066357 0.08638047138047138 
0.0035960874568469504 0.0073195725369638405 0.0066844919786096255 0.08672558922558922 
0.00143843498273878 0.00734322220590395 0.007704160246533128 0.08666666666666667 
0.00215765247410817 0.00734322220590395 0.007639419404125286 0.08666666666666667 
