0.023541413269509946 0.007284382284382283 0.003918495297805642 0.175016835016835 
0.010593635971279476 0.004739785761683571 0.00547645125958379 0.16084175084175084 
7.847137756503315E-4 0.005884083553986467 0.004268032437046521 0.16249158249158246 
0.005100639541727155 0.007988496564946478 0.003987240829346092 0.16505050505050503 
0.01020127908345431 0.004659615115791435 0.006020469596628537 0.1628956228956229 
0.014909561737356301 0.0046500813764240876 0.005165289256198347 0.16955387205387204 
0.040412759445992076 0.004447607187333214 0.00475963826749167 0.18339225589225588 
0.03570447679209008 0.004447607187333214 0.00483558994197292 0.17891414141414141 
0.0961274375171656 0.004927322000492732 0.004095004095004095 0.22656565656565658 
0.04629811276336956 0.0044893378226711555 0.004500450045004501 0.18477272727272726 
0.006277710205202652 0.00572475383558507 0.004686035613870665 0.1657996632996633 
0.013340134186055636 0.006669779230307476 0.00404040404040404 0.16826599326599326 
0.014517204849531134 0.007563152321887762 0.003935458480913027 0.17010942760942763 
0.020010201279083453 0.006704210244033252 0.003987240829346092 0.16765993265993268 
0.010985992859104642 0.007843752451172642 0.003935458480913027 0.16837542087542087 
0.014124847961705968 0.006845564074479737 0.003969829297340214 0.16623737373737374 
0.1247694903284027 0.004820206304829847 0.004170141784820684 0.2585016835016835 
0.10279750461019342 0.004777146132900205 0.004434589800443459 0.2319191919191919 
0.011770706634754973 0.005961251862891207 0.004151100041511 0.16424242424242425 
0.02511084082081061 0.0053475935828877 0.004329004329004329 0.18061447811447812 
0.02040255816690862 0.00613421666053245 0.003952569169960474 0.17073232323232324 
0.026287911484286105 0.005453454763592736 0.004248088360237892 0.1775841750841751 
0.04433632832424373 0.005285412262156448 0.0041893590280687055 0.18828282828282827 
0.08788794287283713 0.004929994084007099 0.004208754208754209 0.22712962962962963 
0.0074547808686781505 0.007932730445819451 0.003969829297340214 0.16515151515151516 
0.07415545179895633 0.005075884472869397 0.004170141784820684 0.2105218855218855 
0.05414525051987287 0.0050589366115242574 0.004370629370629371 0.1974074074074074 
0.1283007023188292 0.004734848484848484 0.004268032437046521 0.2547390572390572 
0.1020127908345431 0.004851072086931212 0.004228329809725159 0.23775252525252527 
0.10711343037627026 0.004794783275795933 0.004308487720809996 0.23341750841750838 
0.08121787577980931 0.004921986513756952 0.004329004329004329 0.22106902356902358 
0.10829050103974575 0.004843318641933453 0.0041893590280687055 0.24239057239057235 
0.03374269235296425 0.004572891896835559 0.0046146746654360865 0.174520202020202 
0.047475183426845056 0.005257899994742099 0.004208754208754209 0.1900420875420875 
0.09691215129281594 0.004833019187086173 0.004288164665523155 0.23143939393939392 
0.030603837250362927 0.005529750055297501 0.004004805766920304 0.17778619528619527 
0.052183466080747046 0.00518295843267337 0.0041893590280687055 0.19486531986531985 
0.027072625259936436 0.0045637093829864915 0.00483558994197292 0.1762037037037037 
0.030211480362537763 0.004540913631822722 0.004784688995215311 0.17774410774410773 
0.061600031388551024 0.005203725867721288 0.004132231404958677 0.2000841750841751 
0.0286420528112371 0.005577244841048522 0.0040766408479412965 0.17317340067340067 
0.03531211990426492 0.00455228296990941 0.004545454545454545 0.1771885521885522 
0.020794915054733788 0.0047030052203357944 0.004710315591144607 0.16774410774410775 
0.04551339898771923 0.005092946269416858 0.004434589800443459 0.18553030303030302 
0.0321732648016636 0.005420935653493793 0.004022526146419952 0.17994949494949494 
0.08435673088241064 0.004797313504437514 0.004456327985739751 0.21367003367003368 
0.11966885078667555 0.004762131530072861 0.004329004329004329 0.24391414141414142 
0.024326127045160278 0.004582111436950146 0.0048614487117160906 0.17476430976430976 
0.031780907913838426 0.0052397170552790145 0.0045228403437358655 0.18443602693602693 
0.05846117628594969 0.005130309870716191 0.004208754208754209 0.1993855218855219 
