0.0012750223128904755 0.006438320885912954 0.006020469596628537 0.09708754208754208 
0.0012750223128904755 0.006433764395547835 0.006020469596628537 0.09710437710437711 
0.0019125334693357132 0.006438320885912954 0.005980861244019138 0.09708754208754208 
0.0019125334693357132 0.006433764395547835 0.006020469596628537 0.09708754208754208 
0.0012750223128904755 0.006475006475006475 0.006020469596628537 0.09705387205387206 
0.0019125334693357132 0.006433764395547835 0.005980861244019138 0.09710437710437711 
0.0019125334693357132 0.006424670735624799 0.005980861244019138 0.09712121212121212 
0.0019125334693357132 0.006456611570247933 0.006020469596628537 0.09705387205387206 
0.0012750223128904755 0.006424670735624799 0.006020469596628537 0.09712121212121212 
0.002550044625780951 0.006438320885912954 0.005980861244019138 0.09707070707070707 
0.0012750223128904755 0.006456611570247933 0.006020469596628537 0.09707070707070707 
0.0019125334693357132 0.006438320885912954 0.006020469596628537 0.09707070707070707 
0.0012750223128904755 0.006433764395547835 0.005980861244019138 0.09712121212121212 
0.0012750223128904755 0.00646579593948015 0.005980861244019138 0.09708754208754208 
0.0012750223128904755 0.006429214350006428 0.005980861244019138 0.09713804713804713 
0.0012750223128904755 0.006411078343377356 0.006020469596628537 0.09713804713804713 
0.0019125334693357132 0.006411078343377356 0.005980861244019138 0.09713804713804713 
0.0012750223128904755 0.006452029163171817 0.005980861244019138 0.09710437710437711 
0.0019125334693357132 0.006379585326953748 0.006060606060606061 0.09718855218855219 
0.0031875557822261887 0.006379585326953748 0.006020469596628537 0.09731481481481481 
0.002550044625780951 0.006456611570247933 0.005980861244019138 0.09705387205387206 
0.0019125334693357132 0.006456611570247933 0.005980861244019138 0.09707070707070707 
0.002550044625780951 0.006433764395547835 0.005980861244019138 0.09708754208754208 
0.002550044625780951 0.006424670735624799 0.005980861244019138 0.09710437710437711 
0.0019125334693357132 0.006424670735624799 0.006020469596628537 0.09710437710437711 
0.0019125334693357132 0.006411078343377356 0.006020469596628537 0.09712121212121212 
0.002550044625780951 0.006411078343377356 0.005980861244019138 0.09712121212121212 
0.0019125334693357132 0.006393044367727911 0.006020469596628537 0.09713804713804713 
0.0012750223128904755 0.006393044367727911 0.006020469596628537 0.09715488215488215 
0.002550044625780951 0.006379585326953748 0.006020469596628537 0.09744949494949494 
0.0019125334693357132 0.006393044367727911 0.005980861244019138 0.09715488215488215 
0.0012750223128904755 0.006406560317765392 0.005980861244019138 0.09717171717171717 
0.002550044625780951 0.006393044367727911 0.005980861244019138 0.09713804713804713 
0.0012750223128904755 0.0064201335387776065 0.005980861244019138 0.09715488215488215 
0.0031875557822261887 0.006388551715326135 0.005980861244019138 0.0973989898989899 
0.0031875557822261887 0.006379585326953748 0.005980861244019138 0.09741582491582491 
