0.0077544131733795554 0.004932669067232279 0.004914004914004914 0.13808080808080805 
0.012771974638507504 0.005036514731805591 0.004591368227731864 0.1383164983164983 
0.01687725220088491 0.0058955311873599816 0.0045682960255824575 0.14229797979797978 
0.005929845367878483 0.006040471156750226 0.0045228403437358655 0.14064814814814816 
0.010035122930255895 0.005008765339343852 0.004638218923933209 0.13793771043771044 
0.03740364001277197 0.006502796202367017 0.004456327985739751 0.15493265993265992 
0.00456141951375268 0.005006007208650381 0.00483558994197292 0.1376094276094276 
0.016421110249509645 0.004858850395996307 0.004734848484848484 0.14052188552188552 
0.01368425854125804 0.005011526510975243 0.0046146746654360865 0.13856060606060605 
0.017333394152260182 0.004874482086278333 0.004638218923933209 0.14204545454545453 
0.003192993659626876 0.005030940282738843 0.004914004914004914 0.13759259259259257 
0.00228070975687634 0.00515649976795751 0.004662004662004662 0.13784511784511785 
0.019157961957761257 0.00485366208804543 0.004638218923933209 0.1420286195286195 
0.0018245678055010717 0.004984051036682615 0.00502260170768458 0.13752525252525252 
9.122839027505358E-4 0.004995004995004995 0.005078720162519045 0.1375084175084175 
0.0013684258541258039 0.005019828321871392 0.004995004995004995 0.13755892255892255 
0.005017561465127948 0.004989522003792037 0.004887585532746823 0.13755892255892255 
0.007298271222004287 0.004973145016908692 0.004940711462450593 0.1375084175084175 
0.013228116589882771 0.004815100154083205 0.00502260170768458 0.13957912457912455 
0.010491264881631164 0.004864049807870033 0.005050505050505051 0.13817340067340067 
0.011403548784381698 0.004869260359351414 0.004967709885742673 0.13852693602693603 
0.01368425854125804 0.004827885868778062 0.005050505050505051 0.1387962962962963 
0.01368425854125804 0.004864049807870033 0.004887585532746823 0.13873737373737374 
0.008210555124754822 0.004956875185882819 0.004810004810004809 0.1375084175084175 
0.008210555124754822 0.004975867044832562 0.00475963826749167 0.13756734006734006 
0.010947406833006431 0.004943398091848337 0.00475963826749167 0.13822390572390572 
0.007298271222004287 0.00502260170768458 0.00475963826749167 0.13752525252525252 
0.006385987319253752 0.005011526510975243 0.00483558994197292 0.13747474747474747 
0.010035122930255895 0.005000500050005001 0.004662004662004662 0.13806397306397306 
0.05793002782465903 0.00564652738565782 0.0044782803403493054 0.17315656565656565 
0.005017561465127948 0.0049622866216752675 0.00502260170768458 0.1375084175084175 
0.009578980978880628 0.004882335709403379 0.004940711462450593 0.13877946127946128 
0.006385987319253752 0.00490869821323385 0.005050505050505051 0.13754208754208752 
0.014596542444008574 0.004833019187086173 0.0048614487117160906 0.13984006734006735 
0.01824567805501072 0.004825323296660876 0.004710315591144607 0.14213804713804715 
0.01824567805501072 0.004784688995215311 0.004784688995215311 0.14196969696969697 
0.012771974638507504 0.004869260359351414 0.004810004810004809 0.1389057239057239 
0.010947406833006431 0.004890214680424471 0.004810004810004809 0.1385353535353535 
0.01368425854125804 0.004887585532746823 0.004710315591144607 0.1393013468013468 
0.012771974638507504 0.004924652811976756 0.004734848484848484 0.13885521885521884 
0.02007024586051179 0.004825323296660876 0.004710315591144607 0.1417845117845118 
0.02007024586051179 0.004877097151775263 0.0046146746654360865 0.14203703703703702 
0.020982529763262328 0.00490075961774075 0.0045682960255824575 0.14262626262626263 
0.005929845367878483 0.006024459304777395 0.004545454545454545 0.1405050505050505 
0.005929845367878483 0.005136106831022085 0.004686035613870665 0.13863636363636364 
0.00684212927062902 0.005133206714234382 0.004638218923933209 0.13887205387205387 
0.003192993659626876 0.005092946269416858 0.00475963826749167 0.13777777777777778 
0.01824567805501072 0.005861321141785358 0.004545454545454545 0.1432912457912458 
0.017333394152260182 0.005930142916444286 0.004545454545454545 0.14273569023569024 
0.005929845367878483 0.006076810889645114 0.0045228403437358655 0.13877104377104377 
