0.004545454545454545 0.023860653781913623 0.021645021645021644 0.027390572390572392 
0.006818181818181818 0.024050024050024047 0.021645021645021644 0.027373737373737373 
0.004545454545454545 0.023860653781913623 0.02331002331002331 0.027373737373737373 
0.004545454545454545 0.023986567522187575 0.022727272727272728 0.027373737373737373 
0.004545454545454545 0.024177949709864602 0.021141649048625793 0.027390572390572392 
0.004545454545454545 0.023986567522187575 0.021141649048625793 0.027407407407407408 
0.006818181818181818 0.024242424242424242 0.024570024570024572 0.027356902356902354 
0.004545454545454545 0.02450379808870375 0.024570024570024572 0.027356902356902354 
0.004545454545454545 0.024177949709864602 0.021645021645021644 0.027373737373737373 
0.004545454545454545 0.023860653781913623 0.021141649048625793 0.02745791245791246 
0.00909090909090909 0.023986567522187575 0.02066115702479339 0.027474747474747475 
0.004545454545454545 0.024372410431391663 0.02525252525252525 0.027356902356902354 
0.004545454545454545 0.024975024975024972 0.02331002331002331 0.027356902356902354 
0.004545454545454545 0.024113817217265493 0.02066115702479339 0.027424242424242424 
0.00909090909090909 0.02392344497607655 0.02066115702479339 0.027550505050505047 
0.03181818181818182 0.023860653781913623 0.02066115702479339 0.02829124579124579 
