0.01705472341687676 0.00723222680263253 0.003665689149560117 0.18447811447811446 
0.06970191309506155 0.004596010662744737 0.003935458480913027 0.21978114478114477 
0.00704434228088388 0.004621712806766187 0.004734848484848484 0.17045454545454544 
7.415097137772505E-4 0.004710315591144607 0.004887585532746823 0.1706902356902357 
0.1397745810470117 0.004626416840157298 0.0037411148522259637 0.2831397306397306 
0.0426368085421919 0.004228329809725159 0.004095004095004095 0.19763468013468014 
0.002966038855109002 0.005165289256198347 0.004329004329004329 0.173030303030303 
0.10492362449948094 0.004504910352283989 0.003835826620636747 0.24310606060606063 
0.005932077710218004 0.008212203334154553 0.0037257824143070045 0.17657407407407408 
0.0941717336497108 0.004715201810637495 0.0038037276531000374 0.24464646464646467 
0.022986801127094763 0.00597300203082069 0.003772161448509996 0.1786784511784512 
0.10603588907014681 0.00471764872387602 0.003772161448509996 0.2545875420875421 
0.03596322111819665 0.005297732570459844 0.003665689149560117 0.194520202020202 
0.11827079934747146 0.004612333379456666 0.0038037276531000374 0.2656818181818182 
0.023728310840872017 0.005674724775848371 0.0036805299963194697 0.18419191919191918 
0.018166987987542637 0.0056924916035748846 0.0037257824143070045 0.18196969696969695 
0.03448020169064214 0.005279273571956499 0.0037105751391465678 0.19377946127946127 
0.02002076227198576 0.005853772756541591 0.003665689149560117 0.18143097643097642 
0.03299718226308765 0.005078720162519045 0.0038684719535783366 0.19617003367003366 
0.05635473824707104 0.004967709885742673 0.0038037276531000374 0.21366161616161616 
0.08638588165504968 0.004752174119659744 0.0038037276531000374 0.23375420875420877 
0.025582085125315138 0.00431462225482159 0.004132231404958677 0.18721380471380472 
0.06636511938306393 0.00470787627701144 0.0039016777214202106 0.21212121212121213 
0.08341984279994068 0.0047796577765032025 0.0038037276531000374 0.23162457912457912 
0.10900192792525581 0.0047030052203357944 0.003772161448509996 0.2572138047138047 
0.07674625537594543 0.004789730817128077 0.0037878787878787876 0.23141414141414138 
0.12531514162835533 0.004690871563936579 0.003756574004507889 0.2678787878787879 
0.02632359483909239 0.005382421012971634 0.0037105751391465678 0.18856060606060607 
0.0381877502595284 0.005061753391374772 0.003918495297805642 0.19837542087542087 
0.04523209254041228 0.0047998464049150424 0.003969829297340214 0.19617845117845117 
0.08712739136882693 0.004602991944764097 0.0038850038850038854 0.22808080808080808 
0.016683968559988136 0.005335040546308152 0.003852080123266564 0.17392255892255892 
0.04226605368530328 0.0050337259639585226 0.003819709702062643 0.20392255892255892 
0.09787928221859706 0.004458513531588568 0.003918495297805642 0.24154882154882157 
0.06525285481239804 0.004856254856254856 0.003819709702062643 0.22296296296296295 
0.03114340797864452 0.00434348260435217 0.00404040404040404 0.1866077441077441 
0.047456621681744034 0.004895481470602633 0.0039016777214202106 0.201506734006734 
0.1115972119234762 0.0044804874770375015 0.0038684719535783366 0.2537878787878788 
0.07266795195017055 0.004545454545454545 0.003969829297340214 0.21888047138047137 
0.024469820554649264 0.0058014735742878696 0.0036509675063891925 0.18157407407407408 
0.024099065697760637 0.005133206714234382 0.003852080123266564 0.18065656565656565 
0.06970191309506155 0.0045682960255824575 0.003969829297340214 0.21574074074074073 
0.0704434228088388 0.004830451164138731 0.003819709702062643 0.2249074074074074 
0.039300014830194276 0.005073051948051948 0.0038684719535783366 0.19838383838383838 
0.01779623313065401 0.005276209571044162 0.003935458480913027 0.17856902356902357 
0.06228681595728904 0.00475963826749167 0.0038850038850038854 0.21099326599326598 
0.08712739136882693 0.00446508305054474 0.003969829297340214 0.23110269360269362 
0.09083493993771317 0.004825323296660876 0.003772161448509996 0.2392255892255892 
0.07229719709328193 0.004676393565282454 0.0038850038850038854 0.2172053872053872 
0.08490286222749517 0.004626416840157298 0.0038850038850038854 0.22566498316498315 
