0.007558959887119531 0.00613421666053245 0.0048614487117160906 0.12784511784511784 
0.008566821205402137 0.005597850425436633 0.00547645125958379 0.12473063973063973 
0.009070751864543439 0.005285412262156448 0.0059031877213695395 0.12721380471380472 
0.003527514613989115 0.005563591854901524 0.006493506493506493 0.12476430976430977 
0.0020157226365652087 0.007396996819291368 0.004810004810004809 0.12696969696969695 
0.10935295303366256 0.005257899994742099 0.00475963826749167 0.18726430976430977 
0.01209433581939125 0.005248792777661138 0.0059031877213695395 0.12665824915824916 
0.01209433581939125 0.005267038870746866 0.005827505827505827 0.12665824915824916 
0.00705502922797823 0.005385609651012494 0.005790387955993051 0.12655723905723903 
0.006047167909695625 0.006516780710329097 0.00483558994197292 0.12648989898989899 
0.02166901834307599 0.005674724775848371 0.005107252298263534 0.12624579124579124 
0.017133642410804274 0.00518295843267337 0.005827505827505827 0.12843434343434343 
0.01612578109252167 0.005291565244999471 0.005611672278338945 0.12797979797979797 
0.011086474501108648 0.005430650591940914 0.005509641873278237 0.12688552188552188 
0.05240878855069542 0.005171165580721894 0.005611672278338945 0.14878787878787877 
0.0010078613182826044 0.006488871585231328 0.004995004995004995 0.12604377104377104 
0.024692602297923805 0.005604752830400179 0.004734848484848484 0.13405723905723904 
0.04031445273130418 0.00537605505080372 0.005254860746190225 0.14037878787878788 
0.01965329570651078 0.005650036725238714 0.004810004810004809 0.1312037037037037 
0.06147954041523886 0.005303914288745094 0.005050505050505051 0.15821548821548823 
0.01411005845595646 0.005335040546308152 0.005611672278338945 0.12842592592592592 
0.04333803668615198 0.005456728145803776 0.004914004914004914 0.13908249158249156 
0.03930659141302156 0.005382421012971634 0.004995004995004995 0.1439309764309764 
0.02116508768393469 0.005251825009190694 0.005509641873278237 0.13159090909090906 
0.00705502922797823 0.0052884869638796335 0.0062266500622665 0.12522727272727274 
0.009070751864543439 0.005254860746190225 0.006142506142506143 0.1264057239057239 
0.006047167909695625 0.005282341133590407 0.0061012812690665035 0.1255218855218855 
0.003527514613989115 0.005331911490269262 0.0061012812690665035 0.1247979797979798 
0.003527514613989115 0.005357047195585793 0.006020469596628537 0.12483164983164982 
0.09020358798629309 0.00529464711177 0.004784688995215311 0.1725 
0.022676879661358597 0.005636025474835146 0.00502260170768458 0.12964646464646465 
0.07609352953033663 0.005291565244999471 0.004940711462450593 0.16015151515151516 
0.05996774843781495 0.005338173277104574 0.004914004914004914 0.15585858585858586 
0.034771215480749844 0.005363368195226602 0.0053475935828877 0.137037037037037 
0.030235839548478124 0.005404821100421576 0.0053792361484669175 0.13973063973063973 
0.008566821205402137 0.005857544517338331 0.00483558994197292 0.1271212121212121 
0.022172949002217297 0.005536485439043295 0.005050505050505051 0.13499158249158247 
0.040818383390445474 0.0053665342921541265 0.005254860746190225 0.13659090909090907 
0.05039306591413022 0.005335040546308152 0.005107252298263534 0.14136363636363636 
0.09826647853255392 0.005227664802132887 0.0048614487117160906 0.1743013468013468 
0.03426728482160855 0.005430650591940914 0.004995004995004995 0.13584175084175085 
0.06702277766579319 0.005310110450297366 0.00502260170768458 0.1546969696969697 
0.00957468252368474 0.005221659443371103 0.006269592476489028 0.12503367003367002 
0.0458576899818585 0.005363368195226602 0.005194805194805195 0.1399158249158249 
0.0473694819592824 0.0052884869638796335 0.00522466039707419 0.14079966329966329 
0.00957468252368474 0.005319431884674717 0.0059417706476530005 0.12526094276094277 
0.010078613182826044 0.0052884869638796335 0.005827505827505827 0.12575757575757576 
0.031747631525902036 0.005479752315195353 0.004810004810004809 0.13662457912457912 
0.02872404757105422 0.005443658138268917 0.005316321105794789 0.1382996632996633 
0.0241886716387825 0.005674724775848371 0.005050505050505051 0.12763468013468013 
