0.01621811168580696 0.004940711462450593 0.005194805194805195 0.14996632996632994 
0.11133514508635049 0.0053665342921541265 0.0046146746654360865 0.2115151515151515 
0.009643201542912247 0.004895481470602633 0.0053792361484669175 0.14712121212121212 
0.017533093714385904 0.004927322000492732 0.00522466039707419 0.14686868686868687 
0.01665643902866661 0.004932669067232279 0.005285412262156448 0.14587542087542088 
0.017533093714385904 0.004943398091848337 0.005165289256198347 0.14679292929292928 
0.003944946085736828 0.005078720162519045 0.006784260515603799 0.14361952861952862 
0.0017533093714385904 0.005090094675760969 0.006587615283267457 0.14372053872053872 
0.003068291400017533 0.005081559022308044 0.0066844919786096255 0.14365319865319867 
8.766546857192952E-4 0.005053312446308555 0.006784260515603799 0.1436868686868687 
0.0026299640571578855 0.005127416294928985 0.006540222367560497 0.14373737373737375 
0.023669676514420968 0.004810004810004809 0.005285412262156448 0.15132154882154883 
0.02191636714298238 0.004869260359351414 0.005194805194805195 0.14946969696969695 
0.022793021828701673 0.0048381634331607715 0.00522466039707419 0.15026094276094276 
0.02542298588585956 0.004822763443453098 0.005107252298263534 0.1526936026936027 
0.018848075742964848 0.004820206304829847 0.005316321105794789 0.14937710437710436 
0.021478039800122733 0.004817651876475405 0.0053475935828877 0.15048821548821548 
0.01271149294292978 0.00502815768302494 0.005050505050505051 0.14507575757575755 
0.012273165600070132 0.0049922619939094404 0.005165289256198347 0.14472222222222222 
0.009204874200052598 0.005078720162519045 0.005136106831022085 0.14405723905723905 
0.015341457000087665 0.004975867044832562 0.005136106831022085 0.14671717171717172 
0.01621811168580696 0.004975867044832562 0.005078720162519045 0.1472138047138047 
0.01797142105724555 0.004964996772752098 0.004995004995004995 0.14816498316498317 
0.02892960462873674 0.004924652811976756 0.004914004914004914 0.15618686868686868 
0.007889892171473655 0.005139010226630351 0.004995004995004995 0.14456228956228956 
0.0017533093714385904 0.006429214350006428 0.004734848484848484 0.14535353535353535 
8.766546857192952E-4 0.006714113065664025 0.004638218923933209 0.14555555555555555 
0.006574910142894713 0.006076810889645114 0.0045682960255824575 0.14542087542087542 
0.008328219514333305 0.006056568348373812 0.004500450045004501 0.1462794612794613 
0.010081528885771894 0.006032454605779091 0.004456327985739751 0.14731481481481482 
0.04777768037170159 0.005556790397866193 0.00475963826749167 0.1662878787878788 
0.02191636714298238 0.005853772756541591 0.004500450045004501 0.15087542087542086 
0.022354694485842024 0.0058688890193086445 0.004545454545454545 0.15009259259259258 
0.01271149294292978 0.006125949522175937 0.00441306266548985 0.15004208754208753 
0.03813447882878934 0.006222388152572957 0.004349717268377555 0.15760942760942762 
0.009204874200052598 0.005078720162519045 0.005050505050505051 0.1464983164983165 
0.07320066625756115 0.005209690023443605 0.004686035613870665 0.18643939393939393 
0.027176295257298148 0.004869260359351414 0.004995004995004995 0.15615319865319865 
0.01271149294292978 0.005092946269416858 0.004914004914004914 0.1474074074074074 
0.01271149294292978 0.00511299723898149 0.0048614487117160906 0.14744107744107743 
0.005698255457175418 0.00704721634954193 0.004349717268377555 0.14638888888888887 
0.005259928114315771 0.006630860022544924 0.0045228403437358655 0.14654040404040403 
0.012273165600070132 0.006498148027812073 0.004391743522178304 0.14625420875420875 
0.01972473042868414 0.0048484848484848485 0.005194805194805195 0.15239057239057238 
0.01972473042868414 0.004866653688923496 0.005136106831022085 0.15206228956228954 
0.022354694485842024 0.004887585532746823 0.00502260170768458 0.15436026936026936 
0.0048216007714561235 0.004879715024642561 0.005543237250554324 0.14515993265993266 
0.005259928114315771 0.00490869821323385 0.005577244841048522 0.14453703703703702 
0.013588147628649074 0.004864049807870033 0.0053475935828877 0.14923400673400675 
0.013149820285789426 0.004830451164138731 0.005443658138268917 0.14856060606060603 
