0.13983494891275872 0.003847189627976763 0.0036509675063891925 0.3125925925925926 
0.04781241812942101 0.004160599126274183 0.0034566194262011752 0.2254208754208754 
0.03766046633481792 0.004705439488048183 0.0034176349965823645 0.21686868686868685 
0.007859575582918523 0.003971563604591127 0.004591368227731864 0.19295454545454543 
0.01440922190201729 0.0039050296782255547 0.004591368227731864 0.19893097643097643 
6.549646319098768E-4 0.004124731892426992 0.004151100041511 0.1932154882154882 
0.1319753733298402 0.003881686204487229 0.003607503607503607 0.30877104377104375 
0.011461881058422845 0.004020747054802783 0.004170141784820684 0.19565656565656567 
0.025543620644485197 0.0037273100003727307 0.004208754208754209 0.20755892255892255 
0.019648938957296306 0.004554563672800146 0.0039016777214202106 0.1990319865319865 
0.05010479434110558 0.004230297389906511 0.003430531732418525 0.22820707070707072 
0.015391668849882105 0.005543237250554324 0.003443526170798898 0.20272727272727273 
0.12509824469478648 0.003913434821743044 0.0035511363636363635 0.305 
0.03700550170290804 0.0044216483905199855 0.00351000351000351 0.21866161616161617 
0.030455855383809273 0.004671587405400354 0.0034965034965034965 0.21466329966329967 
0.090385119203563 0.004006570776072759 0.0035650623885918 0.2613047138047138 
0.08940267225569819 0.004008337341670674 0.003523608174770965 0.273063973063973 
0.005567199371233953 0.00515649976795751 0.0037257824143070045 0.1950925925925926 
0.03700550170290804 0.004460701222232135 0.0034698126301179735 0.2183080808080808 
0.12673565627456118 0.0038767202946307423 0.0036954915003695496 0.29856902356902354 
0.026198585276395073 0.004784688995215311 0.003430531732418525 0.20846801346801344 
0.04617500654964632 0.004266029606245467 0.003443526170798898 0.22574074074074074 
0.03536809012313335 0.004337265787647467 0.0036954915003695496 0.2094023569023569 
0.07466596803772596 0.004038609103024918 0.0035790980672870433 0.24786195286195284 
0.11134398742467906 0.003947420360794221 0.0035790980672870433 0.2862962962962963 
0.02456117369662038 0.0045273451647953634 0.0037105751391465678 0.20276936026936027 
0.0802331674089599 0.003975036769090113 0.0036509675063891925 0.26117003367003366 
0.10643175268535499 0.003921876225586321 0.003607503607503607 0.2797727272727273 
0.09071260151951795 0.003949135139404471 0.003621876131836291 0.27184343434343433 
0.1126539166884988 0.003906707817322342 0.0036509675063891925 0.2856228956228956 
0.049449829709195696 0.004115395695296102 0.00351000351000351 0.2262121212121212 
0.042572701074141996 0.004149205427160699 0.0037257824143070045 0.2166077441077441 
0.04650248886560126 0.004139758238118894 0.0036954915003695496 0.22254208754208754 
0.06975373329840188 0.004053013415474405 0.0035511363636363635 0.25562289562289564 
0.042900183390096935 0.004149205427160699 0.0036509675063891925 0.22666666666666666 
0.02292376211684569 0.004879715024642561 0.0034176349965823645 0.20663299663299664 
0.021286350537070998 0.004845900368288428 0.003379520108144643 0.20857744107744108 
0.027835996856169765 0.004705439488048183 0.003523608174770965 0.21284511784511784 
0.10643175268535499 0.003969829297340214 0.0035373187124159884 0.2901515151515151 
0.018993974325386426 0.0037612366946251927 0.004058441558441558 0.2048989898989899 
0.12477076237883153 0.003908387399359024 0.0035650623885918 0.3016582491582491 
0.10872412889703956 0.003999520057593089 0.003523608174770965 0.2783333333333333 
0.03176578464762903 0.004404510218463707 0.0035650623885918 0.21715488215488216 
0.027835996856169765 0.00475963826749167 0.0033545790003354577 0.21174242424242423 
0.09300497773120252 0.003952569169960474 0.0036509675063891925 0.2659259259259259 
0.03569557243908829 0.004160599126274183 0.0037105751391465678 0.22324915824915825 
0.03864291328268274 0.004187429337129935 0.0036954915003695496 0.21355218855218855 
0.12935551480220067 0.0038602586373287008 0.0036954915003695496 0.30277777777777776 
0.10937909352894944 0.003945707070707071 0.0035932446999640674 0.28087542087542083 
0.06353156929525806 0.004015419209765499 0.0036805299963194697 0.24677609427609426 
