0.004004805766920304 0.01934235976789168 0.0303030303030303 0.030505050505050504 
0.004004805766920304 0.01934235976789168 0.025974025974025972 0.030521885521885523 
0.004004805766920304 0.01938360147315371 0.025974025974025972 0.030505050505050504 
0.004004805766920304 0.019550342130987292 0.02525252525252525 0.030606060606060602 
0.004004805766920304 0.019466614755693983 0.02525252525252525 0.03062289562289562 
0.008009611533840609 0.019425019425019424 0.02525252525252525 0.030606060606060602 
0.008009611533840609 0.01938360147315371 0.02525252525252525 0.030867003367003362 
0.006007208650380456 0.019425019425019424 0.02525252525252525 0.030900673400673397 
0.008009611533840609 0.01934235976789168 0.02525252525252525 0.030883838383838385 
0.014016820184221065 0.01938360147315371 0.02525252525252525 0.030715488215488217 
