0.04158814737799727 0.006934331877123639 0.0061012812690665035 0.11193602693602693 
0.040288517772434855 0.006982265046781176 0.006060606060606061 0.1111952861952862 
0.06758073948924556 0.006738998584810297 0.006060606060606061 0.12312289562289562 
0.03963870296965365 0.006582845105654663 0.006357279084551811 0.1064057239057239 
0.03898888816687244 0.006939625260235947 0.006184291898577612 0.10264309764309763 
0.004548703619468452 0.006754018641091449 0.007102272727272727 0.09614478114478114 
0.0175449996750926 0.007118957784580338 0.006313131313131312 0.09643939393939394 
0.02209370329456105 0.00659239237919441 0.0066844919786096255 0.10034511784511785 
0.01689518487231139 0.006699269779594024 0.006587615283267457 0.09867003367003367 
0.008447592436155695 0.0066163821622336905 0.007102272727272727 0.09637205387205387 
0.0019494444083436218 0.006582845105654663 0.007639419404125286 0.096010101010101 
0.0032490740139060367 0.006573325445342799 0.007704160246533128 0.09599326599326599 
0.004548703619468452 0.006597176408497163 0.007451564828614009 0.09602693602693602 
0.0175449996750926 0.00686106346483705 0.006447453255963894 0.09799663299663298 
0.024043147702904673 0.00690274038793401 0.006357279084551811 0.09767676767676767 
0.08902462798102541 0.006549646319098768 0.006184291898577612 0.12718855218855218 
0.024043147702904673 0.006563833278634723 0.006734006734006734 0.10005050505050506 
0.012996296055624147 0.007063643427279791 0.006269592476489028 0.10013468013468013 
0.011696666450061732 0.007118957784580338 0.006184291898577612 0.09985690235690235 
0.020144258886217428 0.006764069264069263 0.006587615283267457 0.09812289562289563 
0.03898888816687244 0.006907985631389887 0.006184291898577612 0.11013468013468013 
0.0038988888166872435 0.006840413160954921 0.0066844919786096255 0.09669191919191919 
0.008447592436155695 0.007030865499542994 0.006493506493506493 0.09626262626262626 
0.012346481252842939 0.0069132388524023505 0.006493506493506493 0.09669191919191919 
0.008447592436155695 0.006966213862765586 0.006540222367560497 0.09621212121212121 
0.05068555461693417 0.006774149844194553 0.0062266500622665 0.11404040404040404 
0.08447592436155696 0.006526137179403511 0.006357279084551811 0.12968013468013467 
0.0032490740139060367 0.006621201085876978 0.007158196134574087 0.0964057239057239 
0.004548703619468452 0.006738998584810297 0.006939625260235947 0.0970959595959596 
0.0019494444083436218 0.006784260515603799 0.006939625260235947 0.0962962962962963 
0.0038988888166872435 0.007096728408203818 0.006447453255963894 0.09632996632996634 
0.025342777308467086 0.006507451031430988 0.006734006734006734 0.10097643097643097 
0.024692962505685877 0.006549646319098768 0.006784260515603799 0.10034511784511785 
0.01949444408343622 0.006764069264069263 0.006493506493506493 0.09912457912457913 
0.0012996296055624147 0.0070145903479236806 0.006540222367560497 0.0963973063973064 
0.0012996296055624147 0.006907985631389887 0.006835269993164729 0.0962962962962963 
0.020144258886217428 0.007249528780629258 0.006142506142506143 0.09664983164983165 
0.022743518097342257 0.0069769064396846435 0.006357279084551811 0.09678451178451178 
0.020794073688998636 0.007030865499542994 0.006269592476489028 0.09654882154882155 
0.022743518097342257 0.006789327177676692 0.006447453255963894 0.09888047138047137 
0.022743518097342257 0.006563833278634723 0.006835269993164729 0.10132996632996633 
0.004548703619468452 0.0075193623580720355 0.0062266500622665 0.09732323232323233 
0.0038988888166872435 0.007384978952809983 0.006313131313131312 0.09692760942760942 
0.005848333225030866 0.007409053863821589 0.006184291898577612 0.09738215488215488 
0.005848333225030866 0.006866245536940401 0.006939625260235947 0.09616161616161616 
0.01494574046396777 0.007290223809870963 0.0061012812690665035 0.09860269360269361 
0.01689518487231139 0.006704210244033252 0.0066844919786096255 0.09826599326599325 
0.02144388849177984 0.006597176408497163 0.006784260515603799 0.1007154882154882 
0.01949444408343622 0.0066795805223431965 0.0066844919786096255 0.099006734006734 
0.00974722204171811 0.00699839037021485 0.006402048655569782 0.09679292929292929 
