0.004026089057089943 0.00799552250739586 0.007770007770007771 0.0770875420875421 
0.0032208712456719543 0.007967492630069318 0.008496176720475784 0.07749158249158249 
0.0032208712456719543 0.007967492630069318 0.008658008658008658 0.07740740740740741 
0.0032208712456719543 0.007967492630069318 0.00857632933104631 0.07742424242424242 
0.0024156534342539655 0.008066467693796885 0.007704160246533128 0.0769023569023569 
0.0032208712456719543 0.008009611533840609 0.007704160246533128 0.07691919191919191 
0.0024156534342539655 0.008052178114179886 0.007704160246533128 0.07691919191919191 
0.0032208712456719543 0.008023750300890635 0.007704160246533128 0.0769023569023569 
0.0016104356228359771 0.008037939072421832 0.007770007770007771 0.07691919191919191 
0.0016104356228359771 0.008109642364771713 0.007704160246533128 0.0769023569023569 
0.0032208712456719543 0.008002560819462228 0.007770007770007771 0.07712962962962963 
0.0032208712456719543 0.00799552250739586 0.007770007770007771 0.07714646464646464 
0.004831306868507931 0.007967492630069318 0.007770007770007771 0.07706228956228957 
0.0032208712456719543 0.00799552250739586 0.007974481658692184 0.07707912457912458 
0.0032208712456719543 0.008002560819462228 0.007836990595611285 0.07709595959595959 
0.0032208712456719543 0.00799552250739586 0.007836990595611285 0.07711279461279462 
0.004831306868507931 0.008002560819462228 0.007704160246533128 0.07704545454545454 
0.0016104356228359771 0.00807363151945745 0.008116883116883116 0.07668350168350169 
0.004831306868507931 0.00799552250739586 0.007770007770007771 0.07702861952861952 
0.0016104356228359771 0.008045052292839904 0.008116883116883116 0.0767003367003367 
0.0024156534342539655 0.008066467693796885 0.008116883116883116 0.07666666666666666 
0.0016104356228359771 0.008037939072421832 0.008116883116883116 0.07671717171717171 
0.0024156534342539655 0.008045052292839904 0.008116883116883116 0.07668350168350169 
0.004831306868507931 0.00799552250739586 0.007905138339920948 0.0770117845117845 
0.0032208712456719543 0.00799552250739586 0.008116883116883116 0.0767003367003367 
0.004831306868507931 0.007967492630069318 0.007704160246533128 0.07709595959595959 
0.0032208712456719543 0.008023750300890635 0.008116883116883116 0.07668350168350169 
0.004026089057089943 0.007974481658692184 0.007770007770007771 0.07716329966329966 
0.004026089057089943 0.007967492630069318 0.007836990595611285 0.07714646464646464 
0.0024156534342539655 0.008009611533840609 0.007836990595611285 0.07693602693602693 
0.0016104356228359771 0.00808080808080808 0.007704160246533128 0.07691919191919191 
0.0024156534342539655 0.008009611533840609 0.007770007770007771 0.07695286195286195 
0.004026089057089943 0.007967492630069318 0.007974481658692184 0.07711279461279462 
0.004026089057089943 0.007974481658692184 0.007836990595611285 0.07712962962962963 
0.004026089057089943 0.007967492630069318 0.008116883116883116 0.0767003367003367 
0.0024156534342539655 0.008009611533840609 0.008116883116883116 0.07671717171717171 
0.0024156534342539655 0.008016674683341348 0.008116883116883116 0.0767003367003367 
0.004026089057089943 0.007967492630069318 0.007770007770007771 0.07718013468013468 
0.004026089057089943 0.00799552250739586 0.008116883116883116 0.07668350168350169 
0.004831306868507931 0.007967492630069318 0.007905138339920948 0.07702861952861952 
0.004831306868507931 0.007974481658692184 0.007770007770007771 0.07704545454545454 
0.008857395925597873 0.00799552250739586 0.007770007770007771 0.07691919191919191 
0.008857395925597873 0.00799552250739586 0.007704160246533128 0.07693602693602693 
0.004831306868507931 0.007974481658692184 0.007704160246533128 0.07707912457912458 
0.0024156534342539655 0.00799552250739586 0.007974481658692184 0.0770875420875421 
0.008857395925597873 0.008016674683341348 0.007770007770007771 0.0769023569023569 
