0.011092355919942128 0.0049813200498132005 0.005577244841048522 0.1309175084175084 
0.0019291053773812393 0.006121824303642485 0.00475963826749167 0.1311700336700337 
0.01929105377381239 0.005133206714234382 0.00483558994197292 0.1373905723905724 
0.009163250542560888 0.005061753391374772 0.005194805194805195 0.13216329966329968 
0.021702435495538942 0.005061753391374772 0.004940711462450593 0.1367171717171717 
0.06173137207619966 0.005168225748100677 0.004686035613870665 0.15782828282828282 
0.02314926452857487 0.0050589366115242574 0.00483558994197292 0.13957912457912455 
0.03665300217024355 0.004932669067232279 0.004914004914004914 0.1479292929292929 
0.002893658066071859 0.005706785367802316 0.004914004914004914 0.1307996632996633 
0.002893658066071859 0.0057573838447809314 0.0048614487117160906 0.13055555555555554 
0.015432843019049914 0.005078720162519045 0.004995004995004995 0.1343013468013468 
0.03375934410417169 0.005073051948051948 0.004734848484848484 0.14554713804713804 
0.04629852905714974 0.005319431884674717 0.004710315591144607 0.14894781144781144 
0.011574632264287435 0.005553395901593825 0.004887585532746823 0.13615319865319866 
0.010610079575596816 0.0055875286360842595 0.004887585532746823 0.13508417508417506 
0.010610079575596816 0.005036514731805591 0.005194805194805195 0.13254208754208752 
9.645526886906196E-4 0.006076810889645114 0.00483558994197292 0.13087542087542087 
0.012056908608632746 0.005087246273592104 0.005078720162519045 0.1338131313131313 
0.010127803231251507 0.0050142907285764425 0.005411255411255411 0.13084175084175084 
0.004822763443453098 0.005075884472869397 0.005509641873278237 0.12986531986531985 
0.03858210754762478 0.005000500050005001 0.00475963826749167 0.14867003367003367 
0.055944055944055944 0.005227664802132887 0.004686035613870665 0.15416666666666667 
0.030383409693754523 0.005533115697449233 0.004710315591144607 0.14235690235690235 
0.03134796238244514 0.005539859287574096 0.004686035613870665 0.1425084175084175 
0.03134796238244514 0.005453454763592736 0.004710315591144607 0.14326599326599326 
0.0033759344104171687 0.005245764045533232 0.00502260170768458 0.130016835016835 
0.024596093561610802 0.0050170579971904475 0.004914004914004914 0.13907407407407404 
0.02363154087292018 0.005053312446308555 0.004887585532746823 0.13843434343434344 
0.026525198938992044 0.004984051036682615 0.004967709885742673 0.14025252525252527 
0.0043404870991077885 0.006032454605779091 0.004710315591144607 0.1310185185185185 
0.011092355919942128 0.005039306591413022 0.00547645125958379 0.13015151515151516 
0.010127803231251507 0.005019828321871392 0.005316321105794789 0.1313888888888889 
0.012056908608632746 0.005003252113874018 0.005254860746190225 0.13175925925925927 
0.011574632264287435 0.0049867850196978 0.005316321105794789 0.13175925925925927 
0.009645526886906196 0.004989522003792037 0.0053475935828877 0.13127104377104376 
0.017361948396431154 0.004975867044832562 0.005165289256198347 0.13475589225589227 
0.022666988184229565 0.004967709885742673 0.00502260170768458 0.1367929292929293 
0.017844224740776467 0.004946087644673063 0.005254860746190225 0.13505050505050503 
0.03086568603809983 0.005499642523235989 0.004710315591144607 0.1418855218855219 
0.05208584518929347 0.005257899994742099 0.004686035613870665 0.152003367003367 
9.645526886906196E-4 0.005678269263528476 0.004995004995004995 0.13057239057239056 
0.016879672052085844 0.005918560606060606 0.004686035613870665 0.13670875420875422 
0.012539184952978056 0.005098659052669148 0.005078720162519045 0.13255892255892254 
0.005787316132143718 0.00564652738565782 0.0048614487117160906 0.13200336700336698 
0.0038582107547624786 0.00564652738565782 0.004940711462450593 0.131540404040404 
0.007716421509524957 0.005098659052669148 0.005254860746190225 0.13058922558922556 
0.014950566674704605 0.0056186088324530845 0.00475963826749167 0.1377946127946128 
0.013503737641668675 0.0051506567087303634 0.004940711462450593 0.13377946127946128 
0.016397395707740535 0.005191838429988059 0.004810004810004809 0.1353956228956229 
0.016397395707740535 0.005227664802132887 0.004784688995215311 0.13543771043771044 
