0.0023369946249123625 0.012608750472828143 0.011086474501108648 0.05404040404040404 
0.0023369946249123625 0.012608750472828143 0.011655011655011654 0.05383838383838384 
0.0023369946249123625 0.012608750472828143 0.012121212121212121 0.05378787878787879 
0.0023369946249123625 0.012643823492224048 0.010570824524312896 0.05385521885521885 
0.0023369946249123625 0.012608750472828143 0.012453300124533 0.05375420875420875 
0.003505491937368544 0.012876641771825908 0.012121212121212121 0.053585858585858584 
0.0023369946249123625 0.012608750472828143 0.011806375442739079 0.05382154882154882 
0.0023369946249123625 0.012608750472828143 0.012285012285012286 0.053771043771043775 
0.0023369946249123625 0.012679092177000126 0.011086474501108648 0.053653198653198654 
0.0023369946249123625 0.012608750472828143 0.011961722488038276 0.05380471380471381 
0.0023369946249123625 0.012750223128904755 0.011086474501108648 0.053636363636363635 
0.005842486562280907 0.01257387149503332 0.01150747986191024 0.053846801346801344 
0.005842486562280907 0.01257387149503332 0.011363636363636364 0.05386363636363636 
0.0023369946249123625 0.012696800406297611 0.0106951871657754 0.05382154882154882 
0.003505491937368544 0.012643823492224048 0.011086474501108648 0.053686868686868686 
0.0023369946249123625 0.012822156686754712 0.011086474501108648 0.053619528619528616 
0.0023369946249123625 0.012679092177000126 0.010570824524312896 0.05383838383838384 
0.0023369946249123625 0.012804097311139564 0.010822510822510822 0.053771043771043775 
0.0023369946249123625 0.012750223128904755 0.010822510822510822 0.05378787878787879 
0.0023369946249123625 0.012822156686754712 0.01095290251916758 0.053686868686868686 
0.0023369946249123625 0.012840267077555213 0.010822510822510822 0.05375420875420875 
0.004673989249824725 0.012539184952978056 0.010822510822510822 0.05387205387205387 
0.004673989249824725 0.012539184952978056 0.0106951871657754 0.05388888888888889 
0.003505491937368544 0.01257387149503332 0.0106951871657754 0.05387205387205387 
0.004673989249824725 0.012556504269211451 0.010570824524312896 0.05406565656565657 
0.004673989249824725 0.012539184952978056 0.010570824524312896 0.0540993265993266 
0.0023369946249123625 0.012768130745658834 0.01095290251916758 0.053703703703703705 
0.0023369946249123625 0.012696800406297611 0.01095290251916758 0.05372053872053872 
0.0023369946249123625 0.012643823492224048 0.01122334455667789 0.053653198653198654 
0.0023369946249123625 0.012679092177000126 0.01122334455667789 0.053636363636363635 
0.003505491937368544 0.012661433274246644 0.011086474501108648 0.053670033670033666 
0.0023369946249123625 0.012696800406297611 0.01122334455667789 0.053619528619528616 
0.0023369946249123625 0.012768130745658834 0.01122334455667789 0.053602693602693596 
0.004673989249824725 0.012591286829513975 0.010570824524312896 0.05404882154882155 
0.003505491937368544 0.012608750472828143 0.010570824524312896 0.05387205387205387 
