0.013986013986013986 0.08741258741258741 0.9090909090909091 0.009023569023569024 
0.02097902097902098 0.08496176720475786 0.101010101010101 0.009057239057239057 
0.02097902097902098 0.08496176720475786 0.9090909090909091 0.009040404040404041 
0.013986013986013986 0.08658008658008658 0.12987012987012986 0.009040404040404041 
0.02097902097902098 0.08658008658008658 0.12987012987012986 0.009023569023569024 
0.02097902097902098 0.08741258741258741 0.11363636363636363 0.009006734006734006 
0.02097902097902098 0.08741258741258741 0.101010101010101 0.009023569023569024 
0.013986013986013986 0.08912655971479501 0.101010101010101 0.009006734006734006 
0.02097902097902098 0.08658008658008658 0.11363636363636363 0.009040404040404041 
0.013986013986013986 0.08658008658008658 0.101010101010101 0.009057239057239057 
