0.08683484917074775 0.005363368195226602 0.004308487720809996 0.21798821548821548 
0.06955018725050413 0.005443658138268917 0.004456327985739751 0.20205387205387204 
0.09712333840898801 0.005194805194805195 0.0045682960255824575 0.21373737373737373 
8.230791390592205E-4 0.007988496564946478 0.004638218923933209 0.15611111111111112 
0.010700028807769867 0.004772130756382725 0.005509641873278237 0.1527104377104377 
0.006996172682003375 0.0049813200498132005 0.0066844919786096255 0.15617003367003368 
0.021811597185069344 0.006769105801123672 0.004151100041511 0.1658922558922559 
0.013169266224947528 0.0071808128680166585 0.004391743522178304 0.15727272727272726 
0.024280834602247003 0.004430267588162324 0.004995004995004995 0.16186868686868686 
0.03168854685377999 0.004425953793042401 0.004784688995215311 0.16595117845117843 
0.023046215893658174 0.004447607187333214 0.00502260170768458 0.1600925925925926 
0.008230791390592204 0.005276209571044162 0.005316321105794789 0.1564057239057239 
0.01934235976789168 0.0045160998961297025 0.005107252298263534 0.1587962962962963 
0.06666941026379687 0.005865102639296188 0.004248088360237892 0.19475589225589227 
0.008642330960121816 0.005267038870746866 0.00522466039707419 0.15842592592592591 
0.006584633112473764 0.006072751563733528 0.004686035613870665 0.15416666666666667 
0.011111568377299477 0.006554368486596316 0.0045228403437358655 0.15815656565656566 
0.07366558294580024 0.005443658138268917 0.004349717268377555 0.20814814814814814 
0.03374624470142804 0.00631751847874155 0.004151100041511 0.17005892255892255 
0.0757232807934483 0.005372877713303245 0.004500450045004501 0.20377946127946128 
0.11481953989876127 0.005165289256198347 0.004456327985739751 0.2314225589225589 
0.10411951109099139 0.005257899994742099 0.0044782803403493054 0.22324074074074074 
0.055969381456027 0.006032454605779091 0.004228329809725159 0.189520202020202 
0.08107329519733322 0.005344449788894233 0.004391743522178304 0.21248316498316497 
0.13539651837524178 0.005090094675760969 0.004434589800443459 0.25073232323232325 
0.037450100827194535 0.006167509559639818 0.004268032437046521 0.17776936026936027 
0.05514630231696777 0.005604752830400179 0.004434589800443459 0.19455387205387203 
0.09341948228322153 0.005273149124657245 0.0044782803403493054 0.22342592592592592 
0.13498497880571217 0.005036514731805591 0.004500450045004501 0.24645622895622896 
0.04115395695296102 0.005601299501484344 0.004591368227731864 0.1818265993265993 
0.09300794271369192 0.005319431884674717 0.004456327985739751 0.21382996632996631 
0.01728466192024363 0.006109481915933529 0.004456327985739751 0.16633838383838384 
0.027161611588954276 0.006461200491051237 0.004170141784820684 0.16555555555555554 
0.04115395695296102 0.006080875646093037 0.004288164665523155 0.17994949494949494 
0.11852339602452776 0.005061753391374772 0.0045682960255824575 0.2319023569023569 
0.10782336721675789 0.005227664802132887 0.00441306266548985 0.23246632996632996 
0.08477715132309971 0.005328786102525845 0.004500450045004501 0.21145622895622895 
0.05761553973414543 0.0058688890193086445 0.004349717268377555 0.18835016835016835 
0.011523107946829087 0.007175145296692258 0.004228329809725159 0.16310606060606062 
0.1366311370838306 0.00502815768302494 0.0045228403437358655 0.24785353535353533 
0.087657928309807 0.005297732570459844 0.0045228403437358655 0.20914983164983164 
0.01934235976789168 0.00821962847279303 0.004170141784820684 0.16408249158249158 
0.005761553973414543 0.007967492630069318 0.004228329809725159 0.1579124579124579 
0.06625787069426725 0.005357047195585793 0.0046146746654360865 0.19176767676767675 
0.025515453310835837 0.00468362137604796 0.004662004662004662 0.16776936026936026 
0.06584633112473763 0.005420935653493793 0.004545454545454545 0.19678451178451178 
0.04033087781390181 0.006159152500615915 0.004228329809725159 0.17827441077441078 
0.12922342483229762 0.005090094675760969 0.0044782803403493054 0.24269360269360268 
0.02057697847648051 0.004727461825745757 0.004710315591144607 0.16296296296296295 
0.018930820198362074 0.0045431829539775564 0.004810004810004809 0.1611952861952862 
