8.544087491455911E-4 0.005420935653493793 0.005285412262156448 0.14826599326599327 
0.06536226930963773 0.006180087757246153 0.004370629370629371 0.1858922558922559 
0.06621667805878333 0.004882335709403379 0.004710315591144607 0.18623737373737373 
0.010252904989747093 0.004951475539710834 0.0059417706476530005 0.14739057239057238 
0.0038448393711551605 0.005411255411255411 0.006734006734006734 0.149023569023569 
0.005553656869446343 0.00869943453675511 0.0046146746654360865 0.15082491582491583 
0.02819548872180451 0.00471764872387602 0.005827505827505827 0.15743265993265992 
0.01068010936431989 0.008552125203112973 0.004456327985739751 0.15345117845117845 
0.0880041011619959 0.005388802069299994 0.004500450045004501 0.20867003367003367 
0.06792549555707451 0.005710370031978072 0.0044782803403493054 0.1934175084175084 
0.03759398496240601 0.006375111564452377 0.004456327985739751 0.16956228956228955 
0.12004442925495558 0.005313213963126295 0.0044782803403493054 0.22674242424242425 
0.12260765550239235 0.005325664376630985 0.004456327985739751 0.22966329966329968 
0.010252904989747093 0.007857311228097746 0.0044782803403493054 0.1558080808080808 
0.077323991797676 0.005420935653493793 0.004591368227731864 0.19361952861952864 
0.09483937115516063 0.005350741077639253 0.004500450045004501 0.21394781144781144 
0.02990430622009569 0.006724045185583646 0.0044782803403493054 0.16116161616161617 
0.04314764183185236 0.005775672865888876 0.004591368227731864 0.17806397306397306 
0.08672248803827752 0.005523031039434441 0.0044782803403493054 0.19863636363636364 
0.015806561859193435 0.007272727272727273 0.0045682960255824575 0.15353535353535352 
0.03503075871496924 0.004802381981462806 0.005194805194805195 0.16182659932659932 
0.09056732740943267 0.005489679402722881 0.0044782803403493054 0.20255050505050504 
0.027341079972658916 0.0047922557147649395 0.005717552887364208 0.16047138047138046 
0.016233766233766232 0.00518000518000518 0.004710315591144607 0.15602693602693601 
0.0871496924128503 0.0055875286360842595 0.004456327985739751 0.2020959595959596 
0.07775119617224881 0.005506304718903144 0.004500450045004501 0.20074915824915823 
0.10979152426520847 0.005203725867721288 0.0046146746654360865 0.2156986531986532 
0.020933014354066984 0.007743534148985596 0.004391743522178304 0.15952861952861952 
0.04015721120984279 0.006549646319098768 0.004434589800443459 0.1687878787878788 
0.02819548872180451 0.005965163445478406 0.0046146746654360865 0.16686868686868686 
0.01751537935748462 0.0075193623580720355 0.0044782803403493054 0.15244107744107743 
0.01836978810663021 0.007645844483523205 0.00441306266548985 0.16053030303030302 
0.02990430622009569 0.004890214680424471 0.005285412262156448 0.1567003367003367 
0.02520505809979494 0.0068507227512502565 0.0044782803403493054 0.1591750841750842 
0.09099453178400546 0.005790387955993051 0.004434589800443459 0.2089057239057239 
0.061944634313055365 0.0048381634331607715 0.004784688995215311 0.18347643097643096 
0.056818181818181816 0.005611672278338945 0.004591368227731864 0.17387205387205387 
0.01666097060833903 0.005073051948051948 0.00475963826749167 0.15561447811447812 
0.06963431305536569 0.0056151384131618845 0.004500450045004501 0.19611111111111112 
0.028622693096377307 0.005075884472869397 0.004734848484848484 0.16202861952861952 
0.046992481203007516 0.005965163445478406 0.004545454545454545 0.17793771043771042 
0.07390635680109364 0.005446919766871834 0.004591368227731864 0.19162457912457914 
0.05169172932330827 0.006438320885912954 0.004370629370629371 0.17707912457912459 
0.058526999316473 0.005563591854901524 0.0045682960255824575 0.18977272727272726 
0.0384483937115516 0.005857544517338331 0.004591368227731864 0.17515151515151517 
0.04143882433356118 0.004951475539710834 0.00483558994197292 0.16914983164983166 
0.02990430622009569 0.004871869823638312 0.00522466039707419 0.1587037037037037 
0.02819548872180451 0.004916662569447859 0.0053475935828877 0.15598484848484848 
0.02520505809979494 0.005092946269416858 0.004686035613870665 0.15984006734006734 
0.021787423103212574 0.005136106831022085 0.004710315591144607 0.15775252525252526 
