0.02237215909090909 0.0041548944656805715 0.003852080123266564 0.1922979797979798 
0.11434659090909091 0.004337265787647467 0.003756574004507889 0.26818181818181813 
0.008522727272727272 0.004082132506021146 0.004500450045004501 0.1774074074074074 
0.13068181818181818 0.004290188339268094 0.003756574004507889 0.28888047138047135 
0.009943181818181818 0.007525586995785672 0.0035932446999640674 0.18525252525252525 
0.013139204545454546 0.005101520253035404 0.003952569169960474 0.18103535353535352 
0.024502840909090908 0.0038537130525261084 0.003987240829346092 0.1883922558922559 
0.12819602272727273 0.00433106674173849 0.0036954915003695496 0.2807744107744108 
0.05113636363636363 0.004911350130150778 0.0035511363636363635 0.21295454545454545 
0.07919034090909091 0.00455684666210982 0.0036954915003695496 0.23854377104377106 
0.005681818181818182 0.005297732570459844 0.003852080123266564 0.17957070707070708 
0.022727272727272728 0.0039542884257977775 0.0038850038850038854 0.1887962962962963 
0.06107954545454545 0.004609994468006638 0.0037257824143070045 0.22367845117845117 
0.10653409090909091 0.004383273428596476 0.0037105751391465678 0.25771885521885524 
0.052201704545454544 0.004577497024626934 0.0037878787878787876 0.22125420875420876 
0.06676136363636363 0.0045431829539775564 0.0037411148522259637 0.22304713804713805 
0.04616477272727273 0.004729921483303377 0.0037257824143070045 0.21378787878787878 
0.019176136363636364 0.005446919766871834 0.0035650623885918 0.19016835016835018 
0.07137784090909091 0.004445432318292954 0.0038037276531000374 0.2293013468013468 
0.08522727272727272 0.004498223201835274 0.0037105751391465678 0.2394276094276094 
0.11257102272727272 0.004370629370629371 0.0036954915003695496 0.27003367003367 
0.07848011363636363 0.004438920454545454 0.003756574004507889 0.24226430976430977 
0.08238636363636363 0.00449599856128046 0.0037257824143070045 0.2372895622895623 
0.09659090909090909 0.0044109214414891264 0.0037257824143070045 0.2557912457912458 
0.1161221590909091 0.004339336081579518 0.0037411148522259637 0.27084175084175083 
0.06107954545454545 0.004570592805886924 0.0037878787878787876 0.21868686868686868 
0.05433238636363637 0.004762131530072861 0.0035650623885918 0.21186026936026936 
0.1182528409090909 0.004335197468244678 0.0037411148522259637 0.2727188552188552 
0.08487215909090909 0.004482696790389098 0.0036954915003695496 0.24453703703703705 
0.07421874999999999 0.0044194988288328105 0.0038037276531000374 0.2313888888888889 
0.08167613636363637 0.004456327985739751 0.0037411148522259637 0.23999158249158248 
0.08238636363636363 0.004566001552440528 0.0036954915003695496 0.23553030303030303 
0.036931818181818184 0.005008765339343852 0.0035932446999640674 0.2028114478114478 
7.102272727272727E-4 0.005257899994742099 0.003935458480913027 0.17925925925925926 
0.13813920454545453 0.004300335426163241 0.0036805299963194697 0.2898148148148148 
0.0752840909090909 0.0045160998961297025 0.0037411148522259637 0.2299158249158249 
0.024147727272727272 0.005408036342004218 0.0035373187124159884 0.1917929292929293 
0.045099431818181816 0.004690871563936579 0.003772161448509996 0.20393939393939392 
0.036576704545454544 0.005141916906622789 0.0035790980672870433 0.20212121212121212 
0.04687499999999999 0.005003252113874018 0.0035650623885918 0.21000841750841748 
0.024147727272727272 0.0051506567087303634 0.003607503607503607 0.19384680134680135 
0.07386363636363637 0.0044849082836256 0.003756574004507889 0.23474747474747476 
0.019176136363636364 0.0042204777580822144 0.003819709702062643 0.18878787878787878 
0.016335227272727272 0.006626027034190299 0.0035932446999640674 0.1847053872053872 
0.05007102272727272 0.004640586570142466 0.003772161448509996 0.2197222222222222 
0.12002840909090907 0.004404510218463707 0.003665689149560117 0.2723989898989899 
0.022017045454545456 0.00417588842026141 0.0038684719535783366 0.1896043771043771 
0.011363636363636364 0.004017193588559033 0.004022526146419952 0.18412457912457914 
0.013849431818181818 0.004248088360237892 0.0038684719535783366 0.18578282828282827 
0.05539772727272727 0.004572891896835559 0.0038037276531000374 0.21195286195286195 
