0.022487516121564865 0.003911750899702707 0.003987240829346092 0.2030218855218855 
6.61397532987202E-4 0.004471671958145151 0.005050505050505051 0.19164983164983165 
6.61397532987202E-4 0.0060444874274661504 0.004810004810004809 0.19402356902356901 
0.0029762888984424087 0.004529600942156996 0.004710315591144607 0.19247474747474747 
0.14980654122160125 0.004224400135180805 0.0034965034965034965 0.32280303030303026 
0.004960481497404015 0.004428109639994686 0.00502260170768458 0.191523569023569 
0.012566553126756837 0.004166319473377218 0.004170141784820684 0.1938215488215488 
0.15774331161744767 0.004185501423070484 0.00351000351000351 0.3318265993265993 
0.04232944211118093 0.0049922619939094404 0.00333000333000333 0.2215909090909091 
0.03803035814676411 0.003996003996003996 0.0037878787878787876 0.2155218855218855 
0.02777869638546248 0.003918495297805642 0.0038684719535783366 0.2077104377104377 
0.010582360527795232 0.007427213309566251 0.003379520108144643 0.19872895622895623 
0.14683025232315883 0.004254051984515251 0.0034965034965034965 0.3197390572390572 
0.06283276563378419 0.004360148245040331 0.003621876131836291 0.2401936026936027 
0.14980654122160125 0.004264028654272557 0.003483106931382793 0.3282407407407408 
0.11607526703925394 0.004276062601556487 0.0035373187124159884 0.28687710437710434 
0.14980654122160125 0.004197095609837992 0.0035373187124159884 0.3254040404040404 
0.1064850028109395 0.004206806613099996 0.003665689149560117 0.28024410774410774 
0.14021627699328681 0.004302370606204018 0.0034965034965034965 0.31327441077441076 
0.0968947385826251 0.004246104199397053 0.0035790980672870433 0.27698653198653195 
0.02711729885247528 0.005285412262156448 0.0033545790003354577 0.20874579124579123 
0.02017262475610966 0.005823772639916138 0.0033545790003354577 0.20766835016835017 
0.004629782730910414 0.006447453255963894 0.0034965034965034965 0.19856060606060605 
0.09722543734911869 0.004212654815064453 0.0036805299963194697 0.2732154882154882 
0.12665762756704918 0.004322828859205464 0.00351000351000351 0.29967171717171714 
0.05423459770495056 0.00441520596935847 0.0035790980672870433 0.2262878787878788 
0.08862726942028505 0.0043664308793991795 0.003523608174770965 0.27105218855218854 
0.11475247197327954 0.0042381860563678745 0.0035790980672870433 0.28478956228956226 
0.09061146201924668 0.004500450045004501 0.0034566194262011752 0.26557239057239057 
0.15642051655147324 0.004139758238118894 0.0035511363636363635 0.3332744107744108 
0.0714309335626178 0.00443675407072186 0.0035373187124159884 0.25465488215488213 
0.035054069248321704 0.004381161007667032 0.0036805299963194697 0.21816498316498317 
0.058202982902873776 0.004337265787647467 0.0036363636363636364 0.2372895622895623 
0.039022454446244914 0.0044324276406187664 0.0036509675063891925 0.22202861952861952 
0.012235854360263237 0.006154982458299994 0.003367003367003367 0.20033670033670034 
0.08565098052184265 0.004290188339268094 0.003607503607503607 0.2589225589225589 
0.08631237805482986 0.004254051984515251 0.0036509675063891925 0.25697811447811447 
0.0343926717153345 0.005115874558755819 0.0033178500331785 0.21525252525252525 
0.09358775091768907 0.004347637059258293 0.0035511363636363635 0.2657744107744108 
0.09325705215119548 0.0042520622501913425 0.003621876131836291 0.26706228956228956 
0.01686563709117365 0.005437146585471944 0.0033921302578018993 0.20175084175084174 
0.12401203743510035 0.004248088360237892 0.0035511363636363635 0.2944612794612795 
0.1028473163795099 0.004296270836913559 0.0035511363636363635 0.2752777777777778 
0.10979199047587553 0.004234238048863107 0.0035790980672870433 0.2904882154882155 
0.04398293594364893 0.004441088955011769 0.003621876131836291 0.2176936026936027 
0.07903700519197064 0.004318721658389117 0.003607503607503607 0.25301346801346797 
0.035054069248321704 0.004493776120073698 0.003607503607503607 0.22277777777777777 
0.05754158536988657 0.0043105306263201 0.0036805299963194697 0.23362794612794613 
0.01984192598961606 0.003975036769090113 0.0038684719535783366 0.20318181818181819 
0.028770792684943286 0.004100545372534546 0.0037878787878787876 0.21005050505050504 
