0.007311723129417499 0.025113008538422903 0.02392344497607655 0.025488215488215487 
0.007311723129417499 0.025536261491317668 0.024570024570024572 0.025404040404040405 
0.007311723129417499 0.02532286654849329 0.024570024570024572 0.02542087542087542 
0.007311723129417499 0.02532286654849329 0.02392344497607655 0.025437710437710436 
0.004874482086278333 0.025536261491317668 0.024570024570024572 0.02542087542087542 
0.004874482086278333 0.02532286654849329 0.024570024570024572 0.025437710437710436 
0.004874482086278333 0.02532286654849329 0.02392344497607655 0.025454545454545455 
0.007311723129417499 0.025536261491317668 0.02392344497607655 0.02542087542087542 
0.007311723129417499 0.02525252525252525 0.02392344497607655 0.025454545454545455 
0.004874482086278333 0.02525252525252525 0.02392344497607655 0.02547138047138047 
0.007311723129417499 0.02525252525252525 0.024570024570024572 0.025437710437710436 
0.004874482086278333 0.025680534155110426 0.02525252525252525 0.025404040404040405 
0.012186205215695831 0.025113008538422903 0.027548209366391185 0.025404040404040405 
0.004874482086278333 0.02525252525252525 0.024570024570024572 0.025454545454545455 
0.012186205215695831 0.025113008538422903 0.026737967914438502 0.02542087542087542 
0.004874482086278333 0.025393600812595223 0.02331002331002331 0.025437710437710436 
0.004874482086278333 0.0259000259000259 0.02525252525252525 0.02538720538720539 
0.004874482086278333 0.02525252525252525 0.02525252525252525 0.02542087542087542 
0.004874482086278333 0.025753283543651816 0.024570024570024572 0.025404040404040405 
0.004874482086278333 0.025753283543651816 0.02392344497607655 0.02542087542087542 
0.004874482086278333 0.02525252525252525 0.025974025974025972 0.025404040404040405 
0.009748964172556666 0.02518257365902795 0.02331002331002331 0.025437710437710436 
0.007311723129417499 0.02532286654849329 0.02331002331002331 0.025454545454545455 
0.009748964172556666 0.025113008538422903 0.02331002331002331 0.025454545454545455 
0.004874482086278333 0.02532286654849329 0.027548209366391185 0.02538720538720539 
