0.0029871552325002487 0.010101010101010102 0.01044932079414838 0.06217171717171717 
0.0019914368216668323 0.010101010101010102 0.01044932079414838 0.06218855218855218 
0.0029871552325002487 0.010146103896103896 0.01044932079414838 0.06215488215488216 
0.0019914368216668323 0.010146103896103896 0.01044932079414838 0.06217171717171717 
0.0019914368216668323 0.01019160211985324 0.01044932079414838 0.06215488215488216 
0.0019914368216668323 0.010203040506070809 0.010570824524312896 0.06212121212121212 
0.0019914368216668323 0.010180189351521938 0.010570824524312896 0.062138047138047145 
0.0019914368216668323 0.010146103896103896 0.010570824524312896 0.06215488215488216 
0.0019914368216668323 0.010101010101010102 0.0106951871657754 0.06217171717171717 
0.0029871552325002487 0.010078613182826044 0.010570824524312896 0.06220538720538721 
0.0019914368216668323 0.010078613182826044 0.010570824524312896 0.06222222222222222 
0.0029871552325002487 0.010078613182826044 0.01044932079414838 0.06223905723905723 
