0.0016913319238900635 0.008974243919949743 0.008045052292839904 0.07449494949494949 
0.0016913319238900635 0.008974243919949743 0.00819000819000819 0.07446127946127945 
0.0016913319238900635 0.008983111749910169 0.008045052292839904 0.07447811447811448 
0.0016913319238900635 0.008983111749910169 0.00819000819000819 0.07444444444444444 
0.0016913319238900635 0.0091000091000091 0.008116883116883116 0.0740909090909091 
0.0016913319238900635 0.009109127345600291 0.008116883116883116 0.07407407407407408 
0.002536997885835095 0.0091000091000091 0.00819000819000819 0.07407407407407408 
0.0016913319238900635 0.009018759018759018 0.008116883116883116 0.07414141414141415 
0.002536997885835095 0.009018759018759018 0.008116883116883116 0.07412457912457912 
0.0016913319238900635 0.009009820704567979 0.008116883116883116 0.07415824915824916 
0.0016913319238900635 0.009081827263645445 0.008116883116883116 0.07410774410774411 
0.002536997885835095 0.009009820704567979 0.008116883116883116 0.07414141414141415 
0.002536997885835095 0.009054690329590727 0.008116883116883116 0.07410774410774411 
0.0016913319238900635 0.009054690329590727 0.008116883116883116 0.07412457912457912 
0.002536997885835095 0.009109127345600291 0.00819000819000819 0.07405723905723906 
0.002536997885835095 0.009081827263645445 0.008116883116883116 0.0740909090909091 
0.0016913319238900635 0.00899199712256092 0.008116883116883116 0.07424242424242423 
0.002536997885835095 0.009036688957166094 0.008264462809917354 0.07410774410774411 
0.002536997885835095 0.008983111749910169 0.008264462809917354 0.07412457912457912 
0.0016913319238900635 0.008974243919949743 0.008264462809917354 0.07415824915824916 
0.0016913319238900635 0.009009820704567979 0.007905138339920948 0.07424242424242423 
0.002536997885835095 0.008974243919949743 0.007974481658692184 0.07424242424242423 
0.0016913319238900635 0.00899199712256092 0.007905138339920948 0.07425925925925925 
0.003382663847780127 0.008974243919949743 0.007905138339920948 0.07446969696969696 
0.002536997885835095 0.008974243919949743 0.00819000819000819 0.07414141414141415 
0.002536997885835095 0.009009820704567979 0.00819000819000819 0.07412457912457912 
0.002536997885835095 0.009018759018759018 0.008340283569641367 0.07410774410774411 
