0.0017778831338153374 0.005937889674009857 0.005790387955993051 0.1048989898989899 
0.0011852554225435582 0.005953444067392987 0.005790387955993051 0.1048989898989899 
0.007111532535261349 0.00594565669778227 0.005717552887364208 0.10512626262626262 
0.007111532535261349 0.005949547834364588 0.005717552887364208 0.1050925925925926 
0.0011852554225435582 0.005961251862891207 0.00575373993095512 0.10486531986531987 
0.0011852554225435582 0.00594565669778227 0.00575373993095512 0.10498316498316497 
0.0017778831338153374 0.005937889674009857 0.00575373993095512 0.10498316498316497 
0.0011852554225435582 0.005969080164746613 0.00575373993095512 0.10484848484848484 
0.0011852554225435582 0.00594565669778227 0.005790387955993051 0.10496632996632996 
0.0017778831338153374 0.005953444067392987 0.005790387955993051 0.10488215488215488 
0.0023705108450871163 0.00594565669778227 0.005717552887364208 0.10524410774410774 
0.0011852554225435582 0.005969080164746613 0.005717552887364208 0.10488215488215488 
0.0029631385563588953 0.005953444067392987 0.00575373993095512 0.10488215488215488 
0.007111532535261349 0.005937889674009857 0.005717552887364208 0.10515993265993266 
0.0011852554225435582 0.005961251862891207 0.005717552887364208 0.1048989898989899 
0.0029631385563588953 0.005937889674009857 0.00575373993095512 0.1048989898989899 
0.0017778831338153374 0.00594565669778227 0.00575373993095512 0.1049158249158249 
0.0011852554225435582 0.00597300203082069 0.005790387955993051 0.10483164983164983 
0.0011852554225435582 0.005953444067392987 0.005717552887364208 0.10494949494949495 
0.0023705108450871163 0.005937889674009857 0.005717552887364208 0.1052946127946128 
