0.07245724572457246 0.006150818058801821 0.00475963826749167 0.1830808080808081 
0.0558055805580558 0.006146659290675517 0.004784688995215311 0.1785942760942761 
0.018001800180018002 0.0054501853063004145 0.005509641873278237 0.148526936026936 
0.0054005400540054005 0.008560178051703475 0.004638218923933209 0.14636363636363636 
0.0067506750675067504 0.0056325335135744056 0.007513148009015778 0.14341750841750842 
9.000900090009E-4 0.006060606060606061 0.005509641873278237 0.14127946127946128 
0.02385238523852385 0.005279273571956499 0.005980861244019138 0.1488973063973064 
0.030153015301530153 0.005251825009190694 0.005865102639296188 0.15114478114478114 
0.0072007200720072 0.005764685536403989 0.005790387955993051 0.14096801346801346 
0.0279027902790279 0.007220737959419452 0.004500450045004501 0.153493265993266 
0.0054005400540054005 0.00925754489909276 0.00483558994197292 0.14449494949494948 
0.12106210621062106 0.005639521768554027 0.004810004810004809 0.21394781144781144 
0.08730873087308731 0.006072751563733528 0.004710315591144607 0.19305555555555554 
0.12826282628262825 0.005846243788365975 0.004710315591144607 0.22062289562289564 
0.013501350135013501 0.008052178114179886 0.004591368227731864 0.14642255892255893 
0.0954095409540954 0.005865102639296188 0.004734848484848484 0.20385521885521884 
0.1476147614761476 0.00555000555000555 0.004810004810004809 0.24023569023569022 
0.09090909090909091 0.005996641880546894 0.004710315591144607 0.19495791245791244 
0.00405040504050405 0.005992688919518188 0.005543237250554324 0.1415151515151515 
0.050855085508550855 0.00548305735277991 0.004967709885742673 0.16705387205387204 
0.0198019801980198 0.007918910357934747 0.0045228403437358655 0.14812289562289563 
0.10936093609360935 0.005699629524080934 0.004810004810004809 0.2050084175084175 
0.0333033303330333 0.006282590940503864 0.004940711462450593 0.16132996632996632 
0.01755175517551755 0.008116883116883116 0.0046146746654360865 0.14372053872053872 
0.0693069306930693 0.006278252134605726 0.004686035613870665 0.17584175084175083 
0.06165616561656166 0.006273919317397578 0.00475963826749167 0.17778619528619527 
0.0396039603960396 0.006321911746112024 0.004810004810004809 0.16792087542087542 
0.099009900990099 0.005688929343497554 0.004810004810004809 0.2056144781144781 
0.1089108910891089 0.005775672865888876 0.004734848484848484 0.20546296296296296 
0.0783078307830783 0.006248047485160887 0.004662004662004662 0.18845117845117842 
0.06975697569756975 0.006196938712276136 0.004734848484848484 0.18116161616161616 
0.0963096309630963 0.005891710363518529 0.004734848484848484 0.19753367003367 
0.07515751575157516 0.00619271736437949 0.004686035613870665 0.1875252525252525 
0.0594059405940594 0.006313131313131312 0.00475963826749167 0.17577441077441078 
0.09225922592259227 0.005812601720530109 0.00483558994197292 0.1921969696969697 
0.038253825382538256 0.006540222367560497 0.0048614487117160906 0.1573063973063973 
0.054005400540054004 0.005536485439043295 0.004914004914004914 0.17116161616161615 
0.10306030603060307 0.005713959202331295 0.00475963826749167 0.2096043771043771 
0.046804680468046804 0.005344449788894233 0.005136106831022085 0.1623232323232323 
0.029252925292529253 0.00704721634954193 0.0045682960255824575 0.15636363636363634 
0.04185418541854185 0.006535520554212143 0.004784688995215311 0.16526936026936026 
0.05445544554455445 0.006447453255963894 0.004686035613870665 0.1675084175084175 
0.05445544554455445 0.00548305735277991 0.004940711462450593 0.16870370370370372 
0.048604860486048604 0.006243756243756243 0.004810004810004809 0.17373737373737375 
0.0396039603960396 0.006650262685376072 0.004710315591144607 0.162037037037037 
0.04590459045904591 0.006640547181087721 0.0045682960255824575 0.16508417508417508 
0.02115211521152115 0.006535520554212143 0.004995004995004995 0.15396464646464644 
0.015301530153015303 0.0054016096796845455 0.005717552887364208 0.14695286195286195 
0.07155715571557156 0.006260956674179814 0.004686035613870665 0.18455387205387205 
0.022952295229522954 0.006379585326953748 0.00502260170768458 0.15494107744107743 
