0.0014065357025645835 0.004659615115791435 0.004662004662004662 0.1330387205387205 
0.0014065357025645835 0.004659615115791435 0.004686035613870665 0.1330050505050505 
9.376904683763889E-4 0.00468362137604796 0.004500450045004501 0.13210437710437709 
0.0018753809367527778 0.004676393565282454 0.004500450045004501 0.13210437710437709 
9.376904683763889E-4 0.004676393565282454 0.0045228403437358655 0.13210437710437709 
9.376904683763889E-4 0.00468362137604796 0.0045228403437358655 0.13208754208754206 
9.376904683763889E-4 0.004676393565282454 0.0044782803403493054 0.1321212121212121 
9.376904683763889E-4 0.004676393565282454 0.004456327985739751 0.13213804713804714 
9.376904683763889E-4 0.004676393565282454 0.004434589800443459 0.13220538720538721 
0.0014065357025645835 0.004676393565282454 0.004434589800443459 0.1321717171717172 
0.0018753809367527778 0.004662004662004662 0.004434589800443459 0.13230639730639732 
0.0014065357025645835 0.004662004662004662 0.004456327985739751 0.1322895622895623 
9.376904683763889E-4 0.004662004662004662 0.004456327985739751 0.13230639730639732 
9.376904683763889E-4 0.00468362137604796 0.004434589800443459 0.1321885521885522 
0.0023442261709409724 0.004659615115791435 0.004456327985739751 0.13265151515151516 
0.0018753809367527778 0.004659615115791435 0.004456327985739751 0.13266835016835019 
0.0014065357025645835 0.00468362137604796 0.004434589800443459 0.13215488215488216 
9.376904683763889E-4 0.004666791114429717 0.004434589800443459 0.1322222222222222 
0.0037507618735055557 0.004659615115791435 0.004434589800443459 0.13260101010101008 
0.0037507618735055557 0.004659615115791435 0.0044782803403493054 0.13255050505050503 
0.002813071405129167 0.004659615115791435 0.004434589800443459 0.1326178451178451 
0.002813071405129167 0.004659615115791435 0.0044782803403493054 0.13258417508417505 
0.0014065357025645835 0.004662004662004662 0.004434589800443459 0.13268518518518518 
0.0014065357025645835 0.004664396660291991 0.004434589800443459 0.13266835016835019 
0.0014065357025645835 0.004666791114429717 0.004434589800443459 0.1321885521885522 
9.376904683763889E-4 0.004666791114429717 0.004456327985739751 0.1321717171717172 
9.376904683763889E-4 0.004666791114429717 0.0044782803403493054 0.13215488215488216 
