0.002638104785522081 0.005242738806752648 0.005443658138268917 0.11757575757575757 
0.002638104785522081 0.005242738806752648 0.00547645125958379 0.11755892255892257 
0.0021104838284176646 0.005242738806752648 0.005443658138268917 0.1175925925925926 
0.0021104838284176646 0.0052397170552790145 0.0053792361484669175 0.11767676767676767 
0.0015828628713132485 0.005245764045533232 0.0053792361484669175 0.11735690235690235 
0.0010552419142088323 0.005257899994742099 0.0053792361484669175 0.11734006734006733 
0.0010552419142088323 0.005245764045533232 0.005411255411255411 0.11734006734006733 
0.0010552419142088323 0.005257899994742099 0.005411255411255411 0.11732323232323233 
0.0010552419142088323 0.005257899994742099 0.005443658138268917 0.1173063973063973 
0.0010552419142088323 0.005245764045533232 0.005443658138268917 0.11732323232323233 
0.0010552419142088323 0.00526094276094276 0.005411255411255411 0.1173063973063973 
0.0010552419142088323 0.00526094276094276 0.0053792361484669175 0.11732323232323233 
0.0015828628713132485 0.005254860746190225 0.0053792361484669175 0.11734006734006733 
0.004748588613939745 0.005242738806752648 0.005411255411255411 0.11754208754208754 
0.003693346699730913 0.005242738806752648 0.005443658138268917 0.11754208754208754 
0.0021104838284176646 0.005233683990160674 0.005411255411255411 0.11762626262626262 
0.0015828628713132485 0.0052397170552790145 0.005411255411255411 0.11764309764309765 
0.002638104785522081 0.005233683990160674 0.0053792361484669175 0.11765993265993265 
