0.0012285012285012285 0.005926277112717791 0.006142506142506143 0.10013468013468013 
0.0012285012285012285 0.00594565669778227 0.006142506142506143 0.10010101010101011 
0.0012285012285012285 0.005949547834364588 0.006142506142506143 0.10008417508417508 
0.0012285012285012285 0.005937889674009857 0.006142506142506143 0.10011784511784512 
0.0018427518427518428 0.00594565669778227 0.006184291898577612 0.10008417508417508 
0.0018427518427518428 0.005949547834364588 0.006184291898577612 0.10006734006734007 
0.0018427518427518428 0.005926277112717791 0.006142506142506143 0.10011784511784512 
0.0018427518427518428 0.005937889674009857 0.006142506142506143 0.10010101010101011 
0.0018427518427518428 0.005965163445478406 0.006269592476489028 0.10005050505050506 
0.0018427518427518428 0.00597300203082069 0.006184291898577612 0.10005050505050506 
0.0012285012285012285 0.00597300203082069 0.006184291898577612 0.10006734006734007 
0.0012285012285012285 0.005965163445478406 0.006269592476489028 0.10006734006734007 
