0.0027590012415505587 0.006669779230307476 0.006939625260235947 0.08930976430976431 
0.0027590012415505587 0.006669779230307476 0.006835269993164729 0.08932659932659932 
0.004138501862325838 0.0066795805223431965 0.006734006734006734 0.08984848484848484 
0.005518002483101117 0.006669779230307476 0.006734006734006734 0.0902104377104377 
0.0013795006207752794 0.006699269779594024 0.0066844919786096255 0.08927609427609427 
0.004138501862325838 0.0066844919786096255 0.0066844919786096255 0.08936026936026936 
0.004138501862325838 0.0066844919786096255 0.006734006734006734 0.08934343434343435 
0.005518002483101117 0.006669779230307476 0.0066844919786096255 0.09027777777777778 
0.0027590012415505587 0.006689410662920597 0.0066844919786096255 0.08952020202020201 
0.0013795006207752794 0.006699269779594024 0.006784260515603799 0.08914141414141415 
0.005518002483101117 0.006674676278200507 0.0066844919786096255 0.08965488215488215 
0.0027590012415505587 0.006674676278200507 0.006784260515603799 0.08935185185185185 
0.0013795006207752794 0.006694336591243808 0.006835269993164729 0.08888888888888889 
0.0027590012415505587 0.006694336591243808 0.006835269993164729 0.08885521885521885 
0.0013795006207752794 0.006724045185583646 0.006835269993164729 0.08885521885521885 
0.002069250931162919 0.006694336591243808 0.006835269993164729 0.08887205387205387 
0.0027590012415505587 0.006689410662920597 0.006835269993164729 0.08887205387205387 
0.002069250931162919 0.006689410662920597 0.006835269993164729 0.08888888888888889 
0.0027590012415505587 0.0066795805223431965 0.006835269993164729 0.08888888888888889 
0.0013795006207752794 0.006689410662920597 0.006835269993164729 0.0889057239057239 
0.002069250931162919 0.006704210244033252 0.006835269993164729 0.08885521885521885 
0.0027590012415505587 0.006669779230307476 0.006784260515603799 0.0894023569023569 
0.0013795006207752794 0.006704210244033252 0.006835269993164729 0.08887205387205387 
0.002069250931162919 0.0066795805223431965 0.006835269993164729 0.0889057239057239 
0.0013795006207752794 0.006704210244033252 0.006784260515603799 0.08910774410774411 
0.002069250931162919 0.006738998584810297 0.006939625260235947 0.08882154882154883 
0.002069250931162919 0.006724045185583646 0.006835269993164729 0.08883838383838384 
0.0013795006207752794 0.006738998584810297 0.006835269993164729 0.08883838383838384 
0.004138501862325838 0.0066795805223431965 0.0066844919786096255 0.08988215488215488 
0.002069250931162919 0.0066795805223431965 0.006784260515603799 0.08934343434343435 
0.003448751551938198 0.006669779230307476 0.006835269993164729 0.08916666666666666 
0.006207752793488757 0.006674676278200507 0.006734006734006734 0.08957070707070708 
0.003448751551938198 0.006674676278200507 0.006835269993164729 0.08914983164983165 
0.003448751551938198 0.006674676278200507 0.006939625260235947 0.08911616161616162 
0.003448751551938198 0.006669779230307476 0.006939625260235947 0.08913299663299663 
0.003448751551938198 0.006669779230307476 0.006887052341597796 0.08914983164983165 
0.003448751551938198 0.006669779230307476 0.006993006993006993 0.08911616161616162 
0.003448751551938198 0.006674676278200507 0.006887052341597796 0.08913299663299663 
0.0013795006207752794 0.006689410662920597 0.006784260515603799 0.08934343434343435 
0.003448751551938198 0.006674676278200507 0.006993006993006993 0.0890993265993266 
0.003448751551938198 0.006669779230307476 0.00704721634954193 0.0890993265993266 
0.006207752793488757 0.006669779230307476 0.006734006734006734 0.08962121212121212 
0.0013795006207752794 0.006724045185583646 0.006784260515603799 0.0890909090909091 
