0.016522667033837046 0.0055875286360842595 0.003523608174770965 0.1930387205387205 
0.005163333448074076 0.004919323101141283 0.004248088360237892 0.18781144781144782 
0.07917111287046917 0.004596010662744737 0.003756574004507889 0.2432828282828283 
0.13286978073043956 0.0043875043875043875 0.0035790980672870433 0.30006734006734004 
6.884444597432102E-4 0.005353892279687333 0.005411255411255411 0.18555555555555556 
0.0020653333792296307 0.007607455306200075 0.004349717268377555 0.1883164983164983 
0.11737978038621734 0.0043105306263201 0.003819709702062643 0.28833333333333333 
0.0075728890571753115 0.004458513531588568 0.004710315591144607 0.1840151515151515 
0.025128222780627173 0.004135991397137893 0.004208754208754209 0.19867845117845118 
0.02581666724037038 0.0041586958329867755 0.0040766408479412965 0.19549663299663297 
0.009294000206533337 0.00547645125958379 0.003969829297340214 0.1868181818181818 
0.009638222436404944 0.007836990595611285 0.0036363636363636364 0.1898989898989899 
0.12254311383429142 0.00431667098333765 0.0037878787878787876 0.2930555555555555 
0.05886200130804447 0.004812551133355792 0.0036805299963194697 0.22858585858585861 
0.007228666827303706 0.004914004914004914 0.0041893590280687055 0.18895622895622893 
0.054387112319713604 0.004712757434374853 0.003772161448509996 0.22517676767676767 
0.08605555746790128 0.00455684666210982 0.003772161448509996 0.24704545454545454 
0.06058311245740249 0.004747211013529551 0.0037257824143070045 0.22717171717171716 
0.12116622491480498 0.004362240446693421 0.0037411148522259637 0.28524410774410774 
0.046470001032666686 0.004845900368288428 0.0037257824143070045 0.2200925925925926 
0.013768889194864204 0.005539859287574096 0.0035511363636363635 0.19410774410774412 
0.07985955733021238 0.004445432318292954 0.0038684719535783366 0.2512878787878788 
0.027882000619600014 0.005227664802132887 0.00351000351000351 0.20272727272727273 
0.06471377921586176 0.004722550177095631 0.0037411148522259637 0.23563973063973065 
0.02443977832088396 0.005056122964910506 0.0037105751391465678 0.202516835016835 
0.04578155657292348 0.004686035613870665 0.0037878787878787876 0.22333333333333333 
0.020653333792296304 0.005270092226613966 0.0036363636363636364 0.19364478114478115 
0.10980689132904203 0.004402377283733216 0.0038037276531000374 0.27146464646464646 
0.07676155726136794 0.0046311304589450285 0.003607503607503607 0.2457070707070707 
0.11324911362775807 0.004425953793042401 0.0037105751391465678 0.27704545454545454 
0.030635778458572856 0.004166319473377218 0.003987240829346092 0.20049663299663298 
0.1266737805927507 0.004400246413799172 0.0036509675063891925 0.28854377104377105 
0.027193556159856802 0.0050337259639585226 0.0037105751391465678 0.20635521885521885 
0.022718667171525937 0.00515357658214801 0.003607503607503607 0.20020202020202021 
0.047502667722281504 0.004772130756382725 0.003772161448509996 0.21986531986531985 
0.09121889091597535 0.004447607187333214 0.0038037276531000374 0.2647138047138047 
0.0075728890571753115 0.004970425965505243 0.003935458480913027 0.19053030303030302 
0.04337200096382224 0.004822763443453098 0.003756574004507889 0.22289562289562287 
0.04371622319369385 0.004633490872022982 0.0038684719535783366 0.21994107744107744 
0.06471377921586176 0.0047373158368468424 0.0037257824143070045 0.23005892255892255 
0.13906578086812846 0.004349717268377555 0.003621876131836291 0.3011026936026936 
0.018588000413066675 0.004262029578485275 0.004004805766920304 0.19170875420875422 
0.019620667102681493 0.004195158786760078 0.004248088360237892 0.1939057239057239 
0.04406044542356545 0.0048614487117160906 0.0037411148522259637 0.21454545454545454 
0.032701111837802485 0.004294241422252759 0.0039016777214202106 0.20417508417508418 
0.024784000550755567 0.0052186619350798455 0.003665689149560117 0.19568181818181818 
0.0740077794223951 0.0046311304589450285 0.0036363636363636364 0.24259259259259258 
0.023751333861140752 0.004185501423070484 0.004022526146419952 0.1954124579124579 
0.0536986678599704 0.0047796577765032025 0.0037257824143070045 0.22197811447811447 
0.11600289146673091 0.004445432318292954 0.0036363636363636364 0.284520202020202 
