0.00756000756000756 0.018073377914332188 0.025974025974025972 0.03228956228956229 
0.00756000756000756 0.018073377914332188 0.026737967914438502 0.032272727272727265 
0.00567000567000567 0.018073377914332188 0.026737967914438502 0.03228956228956229 
0.00756000756000756 0.018073377914332188 0.028409090909090908 0.032239057239057234 
0.00567000567000567 0.018073377914332188 0.025974025974025972 0.032306397306397304 
0.00756000756000756 0.018073377914332188 0.027548209366391185 0.03225589225589225 
0.00378000378000378 0.018109380659181454 0.025974025974025972 0.032272727272727265 
0.00378000378000378 0.018109380659181454 0.026737967914438502 0.03225589225589225 
0.00378000378000378 0.018109380659181454 0.02525252525252525 0.03228956228956229 
0.00378000378000378 0.01840264998159735 0.02525252525252525 0.032239057239057234 
0.00378000378000378 0.018218254691200583 0.0303030303030303 0.0322053872053872 
0.00378000378000378 0.018328445747800584 0.02525252525252525 0.03225589225589225 
0.00378000378000378 0.018218254691200583 0.028409090909090908 0.032239057239057234 
0.00378000378000378 0.018218254691200583 0.029325513196480937 0.03222222222222222 
0.00756000756000756 0.018073377914332188 0.02525252525252525 0.032617845117845115 
0.00378000378000378 0.018254837531945966 0.02525252525252525 0.032272727272727265 
0.00378000378000378 0.018218254691200583 0.024570024570024572 0.032356902356902355 
0.01701001701001701 0.018073377914332188 0.02525252525252525 0.032390572390572386 
0.00378000378000378 0.01843997787202655 0.024570024570024572 0.03234006734006734 
0.01701001701001701 0.018145527127563055 0.024570024570024572 0.032356902356902355 
0.02079002079002079 0.018109380659181454 0.024570024570024572 0.032584175084175084 
0.00756000756000756 0.01818181818181818 0.024570024570024572 0.032634680134680134 
0.00756000756000756 0.018073377914332188 0.024570024570024572 0.03265151515151515 
