0.015064935064935064 0.0056151384131618845 0.005078720162519045 0.12361952861952862 
0.004155844155844156 0.005221659443371103 0.0061012812690665035 0.1195959595959596 
0.02493506493506493 0.005030940282738843 0.005827505827505827 0.12744949494949495 
0.027012987012987013 0.005003252113874018 0.005827505827505827 0.12824915824915825 
0.01038961038961039 0.005098659052669148 0.006402048655569782 0.12006734006734006 
0.03168831168831169 0.005050505050505051 0.005509641873278237 0.13106060606060604 
0.033766233766233764 0.005408036342004218 0.004967709885742673 0.1312962962962963 
0.11168831168831168 0.00508440105755542 0.00502260170768458 0.17679292929292928 
0.11116883116883117 0.005078720162519045 0.005050505050505051 0.17521885521885522 
0.030649350649350652 0.005486366379546826 0.005194805194805195 0.1256228956228956 
0.010909090909090908 0.005139010226630351 0.006313131313131312 0.11956228956228955 
0.014025974025974025 0.005078720162519045 0.005980861244019138 0.12092592592592591 
0.09246753246753246 0.005061753391374772 0.005194805194805195 0.16173400673400673 
0.025974025974025972 0.005440400413470431 0.005254860746190225 0.13186868686868686 
0.02909090909090909 0.00529464711177 0.0053792361484669175 0.13053030303030302 
0.03272727272727272 0.005300821627352239 0.005285412262156448 0.13438552188552189 
0.005194805194805195 0.005147740142077628 0.006540222367560497 0.11956228956228955 
0.0015584415584415582 0.0054241701019743975 0.006184291898577612 0.11986531986531987 
0.04259740259740259 0.00522466039707419 0.00522466039707419 0.1351683501683502 
0.04103896103896104 0.00518887505188875 0.005411255411255411 0.1332912457912458 
0.017142857142857144 0.005573825316314587 0.005136106831022085 0.12894781144781145 
0.02805194805194805 0.005025378159706518 0.005577244841048522 0.12946969696969696 
0.025454545454545455 0.005098659052669148 0.005577244841048522 0.12826599326599328 
0.008311688311688312 0.005191838429988059 0.006060606060606061 0.11955387205387207 
0.014545454545454545 0.005127416294928985 0.00575373993095512 0.12135521885521885 
0.001038961038961039 0.00594565669778227 0.005285412262156448 0.12026936026936028 
0.021298701298701296 0.005081559022308044 0.005611672278338945 0.12585016835016835 
0.006233766233766233 0.005136106831022085 0.006784260515603799 0.11947811447811446 
0.004155844155844156 0.005786702158439905 0.00502260170768458 0.12006734006734006 
0.044675324675324674 0.005118755118755119 0.0053792361484669175 0.13827441077441077 
0.04363636363636363 0.005127416294928985 0.005411255411255411 0.13748316498316498 
0.04987012987012986 0.005133206714234382 0.0053475935828877 0.13793771043771044 
0.05090909090909091 0.005124525981346725 0.005285412262156448 0.13864478114478115 
0.008311688311688312 0.00555000555000555 0.00547645125958379 0.12315656565656564 
0.01038961038961039 0.005556790397866193 0.005411255411255411 0.12414983164983164 
0.03636363636363636 0.005267038870746866 0.005285412262156448 0.1318181818181818 
0.0025974025974025974 0.005660590965696819 0.005443658138268917 0.12052188552188552 
0.02493506493506493 0.0054016096796845455 0.005509641873278237 0.12448653198653198 
0.025974025974025972 0.005411255411255411 0.00547645125958379 0.12622895622895625 
0.00935064935064935 0.0051506567087303634 0.006020469596628537 0.12122053872053871 
0.005194805194805195 0.005215667866270276 0.006020469596628537 0.11990740740740741 
0.015064935064935064 0.00509580105992662 0.00575373993095512 0.12361952861952862 
0.01818181818181818 0.005597850425436633 0.005316321105794789 0.12212121212121212 
0.00935064935064935 0.005584096493187402 0.005790387955993051 0.11984848484848484 
0.004675324675324675 0.0056570685070996204 0.00575373993095512 0.11994949494949494 
0.010909090909090908 0.005750100626760968 0.004940711462450593 0.12108585858585859 
0.00883116883116883 0.005685371539030076 0.00522466039707419 0.12348484848484848 
0.07688311688311689 0.005254860746190225 0.004995004995004995 0.15444444444444444 
0.0374025974025974 0.005353892279687333 0.005254860746190225 0.13044612794612795 
0.037922077922077926 0.005341309689135776 0.005107252298263534 0.13472222222222222 
