0.011245737502720744 0.004218519299725796 0.004288164665523155 0.17338383838383836 
0.014147863309874482 0.0059031877213695395 0.0037105751391465678 0.18217171717171718 
0.015598926213451353 0.005360205831903946 0.0037411148522259637 0.180513468013468 
0.016687223391134005 0.005098659052669148 0.0038850038850038854 0.17689393939393938 
0.005078720162519045 0.00659239237919441 0.00404040404040404 0.17696969696969694 
7.255314517884351E-4 0.006876633200385091 0.0045228403437358655 0.17693602693602692 
0.006529783066095914 0.004471671958145151 0.004734848484848484 0.17825757575757575 
0.022491475005441488 0.004147312541473125 0.004151100041511 0.18255892255892256 
0.018501052020605094 0.004135991397137893 0.004370629370629371 0.17874579124579124 
0.1353116157585431 0.004246104199397053 0.003852080123266564 0.2864309764309764 
0.007618080243778568 0.006835269993164729 0.003852080123266564 0.18081649831649832 
0.11282014075310165 0.004337265787647467 0.0037411148522259637 0.26736531986531986 
0.09867227744322717 0.0043790506218251875 0.0037257824143070045 0.24734848484848485 
0.09069143147355438 0.004428109639994686 0.0037257824143070045 0.24348484848484847 
0.05368932743234419 0.0044109214414891264 0.003835826620636747 0.21807239057239058 
0.022854240731335705 0.004619364375461936 0.0039016777214202106 0.19336700336700335 
0.026119132264383657 0.004943398091848337 0.0037411148522259637 0.19183501683501683 
0.04026699557425814 0.004673989249824725 0.0037411148522259637 0.20004208754208752 
0.052601030254661535 0.004621712806766187 0.0036954915003695496 0.20615319865319864 
0.021403177827758833 0.0049622866216752675 0.003772161448509996 0.18833333333333332 
0.054414858884132625 0.004482696790389098 0.003819709702062643 0.21368686868686868 
0.04897337299571936 0.004596010662744737 0.0037257824143070045 0.20581649831649831 
0.06058187622433432 0.0044804874770375015 0.003819709702062643 0.21483164983164982 
0.04824784154393093 0.004664396660291991 0.0037105751391465678 0.20165824915824915 
0.09830951171733295 0.004341408352869671 0.003772161448509996 0.2515151515151515 
0.032648915330479575 0.0047998464049150424 0.003819709702062643 0.18805555555555556 
0.047885075818036714 0.0044804874770375015 0.003835826620636747 0.21177609427609426 
0.05985634477254589 0.004389622931390193 0.003835826620636747 0.22325757575757574 
0.10338823187985198 0.004324885390537151 0.003819709702062643 0.2582996632996633 
0.04570848146267141 0.004652461151949381 0.0037257824143070045 0.20354377104377103 
0.03627657258942175 0.004518344478583047 0.0038850038850038854 0.20047979797979795 
0.015236160487557136 0.005996641880546894 0.0036805299963194697 0.18534511784511784 
0.0580425161430748 0.004513857542655954 0.003772161448509996 0.21578282828282827 
0.031197852426902706 0.004874482086278333 0.003756574004507889 0.1896043771043771 
0.026481897990277878 0.004593688272313841 0.0038850038850038854 0.1964057239057239 
0.01015744032503809 0.004864049807870033 0.003987240829346092 0.18048821548821548 
0.07763186534136254 0.00436852911624656 0.003819709702062643 0.23162457912457912 
0.032648915330479575 0.004879715024642561 0.0036954915003695496 0.1891077441077441 
0.017049989117028222 0.0042204777580822144 0.004151100041511 0.18176767676767677 
0.08815207139229485 0.004438920454545454 0.0037105751391465678 0.23717171717171717 
0.11173184357541899 0.0043727316454589184 0.0037257824143070045 0.25946127946127945 
0.06783719074221867 0.0044216483905199855 0.0037878787878787876 0.22313131313131312 
0.13240948995138938 0.004298302170642596 0.003756574004507889 0.28098484848484845 
0.01922658347239353 0.0051506567087303634 0.003835826620636747 0.18007575757575758 
0.06965101937168976 0.004389622931390193 0.003819709702062643 0.23087542087542084 
0.06965101937168976 0.004467277194549922 0.0037257824143070045 0.22395622895622894 
0.022491475005441488 0.00418165091578155 0.0040766408479412965 0.18431818181818183 
0.05876804759486324 0.004547728409659375 0.0036363636363636364 0.20965488215488215 
0.044982950010882976 0.004547728409659375 0.003819709702062643 0.20813131313131314 
0.029746789523325833 0.0042204777580822144 0.004022526146419952 0.19148989898989896 
