0.0035790980672870433 0.01738223535546671 0.01818181818181818 0.03430976430976431 
0.0035790980672870433 0.017316017316017316 0.01818181818181818 0.03434343434343434 
0.0035790980672870433 0.017316017316017316 0.018552875695732836 0.03415824915824916 
0.005368647100930565 0.017250301880282905 0.01818181818181818 0.03430976430976431 
0.0035790980672870433 0.017250301880282905 0.018552875695732836 0.03417508417508418 
0.0035790980672870433 0.017250301880282905 0.020202020202020204 0.03409090909090909 
0.0035790980672870433 0.017250301880282905 0.01934235976789168 0.03412457912457912 
0.0035790980672870433 0.017283097131005874 0.01934235976789168 0.03410774410774411 
0.0035790980672870433 0.017250301880282905 0.019762845849802372 0.03410774410774411 
0.0035790980672870433 0.017250301880282905 0.018939393939393936 0.03414141414141414 
0.01968503937007874 0.017283097131005874 0.021645021645021644 0.034074074074074076 
0.0035790980672870433 0.01734906315058987 0.01934235976789168 0.03409090909090909 
0.0035790980672870433 0.01755001755001755 0.021645021645021644 0.03405723905723906 
0.0035790980672870433 0.01734906315058987 0.020202020202020204 0.034074074074074076 
0.01968503937007874 0.017415534656913964 0.022172949002217297 0.03405723905723906 
0.0035790980672870433 0.017825311942959002 0.022172949002217297 0.034040404040404044 
0.0035790980672870433 0.017790428749332857 0.022727272727272728 0.034040404040404044 
0.007158196134574087 0.017686593562079942 0.02331002331002331 0.034040404040404044 
