0.0019878081102570897 0.006754018641091449 0.007513148009015778 0.09458754208754208 
0.0019878081102570897 0.006754018641091449 0.007770007770007771 0.09452020202020202 
0.0026504108136761197 0.006749004521833029 0.007513148009015778 0.09446969696969697 
0.0026504108136761197 0.006749004521833029 0.007451564828614009 0.09450336700336699 
0.0026504108136761197 0.006759040216289286 0.007102272727272727 0.09394781144781145 
0.0013252054068380599 0.006835269993164729 0.007158196134574087 0.09375420875420874 
0.0026504108136761197 0.006779201410073894 0.007215007215007214 0.09382996632996633 
0.0013252054068380599 0.006814774430966335 0.006887052341597796 0.09409090909090909 
0.0026504108136761197 0.006759040216289286 0.007272727272727273 0.09384680134680135 
0.0013252054068380599 0.006789327177676692 0.00704721634954193 0.09395622895622895 
0.0026504108136761197 0.006754018641091449 0.006887052341597796 0.09445286195286194 
0.0013252054068380599 0.0068096697310180455 0.007102272727272727 0.0937878787878788 
0.0026504108136761197 0.006754018641091449 0.007102272727272727 0.09410774410774411 
0.0026504108136761197 0.006754018641091449 0.00704721634954193 0.09431818181818181 
0.0013252054068380599 0.006794401413235493 0.006887052341597796 0.09410774410774411 
0.0019878081102570897 0.006789327177676692 0.007102272727272727 0.0937878787878788 
0.0013252054068380599 0.006779201410073894 0.007102272727272727 0.09405723905723906 
0.0019878081102570897 0.0068096697310180455 0.007102272727272727 0.09377104377104377 
0.0013252054068380599 0.006825006825006825 0.00704721634954193 0.09383838383838385 
0.0013252054068380599 0.0068096697310180455 0.00704721634954193 0.09385521885521886 
0.0013252054068380599 0.006759040216289286 0.006993006993006993 0.09407407407407407 
0.0026504108136761197 0.006779201410073894 0.006887052341597796 0.09414141414141414 
0.0013252054068380599 0.006840413160954921 0.006887052341597796 0.09405723905723906 
0.0013252054068380599 0.006759040216289286 0.007272727272727273 0.09395622895622895 
0.0019878081102570897 0.006779201410073894 0.007215007215007214 0.09395622895622895 
0.0033130135170951493 0.006759040216289286 0.006887052341597796 0.09412457912457912 
0.0019878081102570897 0.006799483239273815 0.006939625260235947 0.09409090909090909 
0.0019878081102570897 0.006819886789879288 0.006939625260235947 0.09407407407407407 
0.0019878081102570897 0.006759040216289286 0.006939625260235947 0.09412457912457912 
0.0019878081102570897 0.006784260515603799 0.007158196134574087 0.09380471380471381 
0.0026504108136761197 0.006779201410073894 0.007102272727272727 0.09388047138047138 
0.0026504108136761197 0.006754018641091449 0.006939625260235947 0.09435185185185185 
0.0013252054068380599 0.006779201410073894 0.006939625260235947 0.09414141414141414 
0.0013252054068380599 0.006789327177676692 0.006993006993006993 0.09402356902356902 
0.003975616220514179 0.006749004521833029 0.006887052341597796 0.0946969696969697 
0.0019878081102570897 0.006789327177676692 0.006887052341597796 0.09412457912457912 
0.0019878081102570897 0.006754018641091449 0.007704160246533128 0.09453703703703704 
0.0019878081102570897 0.006825006825006825 0.007158196134574087 0.09375420875420874 
0.0013252054068380599 0.006830134553650707 0.006887052341597796 0.09407407407407407 
0.0033130135170951493 0.006754018641091449 0.006993006993006993 0.09407407407407407 
0.0019878081102570897 0.006779201410073894 0.006939625260235947 0.09410774410774411 
0.0019878081102570897 0.006835269993164729 0.007158196134574087 0.09373737373737373 
0.0013252054068380599 0.006789327177676692 0.007102272727272727 0.09380471380471381 
0.003975616220514179 0.006749004521833029 0.006993006993006993 0.09464646464646465 
0.0026504108136761197 0.006754018641091449 0.007158196134574087 0.09404882154882155 
0.0019878081102570897 0.006845564074479737 0.007102272727272727 0.09375420875420874 
0.0026504108136761197 0.006759040216289286 0.007215007215007214 0.0938973063973064 
0.003975616220514179 0.006749004521833029 0.007102272727272727 0.09409090909090909 
0.0033130135170951493 0.006799483239273815 0.006887052341597796 0.09409090909090909 
0.0033130135170951493 0.006779201410073894 0.006939625260235947 0.09409090909090909 
