0.0037604587759706687 0.009539254030334827 0.010330578512396695 0.066010101010101 
0.002820344081978001 0.009479571523367142 0.00967117988394584 0.06617845117845117 
0.004700573469963335 0.009479571523367142 0.010214504596527068 0.06602693602693602 
0.0037604587759706687 0.009539254030334827 0.010101010101010102 0.06604377104377103 
0.0018802293879853344 0.009599692809830085 0.00999000999000999 0.06589225589225589 
0.0018802293879853344 0.009539254030334827 0.01122334455667789 0.06597643097643097 
0.0018802293879853344 0.009599692809830085 0.00967117988394584 0.06592592592592593 
0.0037604587759706687 0.009660902328277461 0.009569377990430622 0.06606060606060606 
0.0018802293879853344 0.009764671418806757 0.009569377990430622 0.06602693602693602 
0.0018802293879853344 0.009640412609659694 0.00967117988394584 0.0659090909090909 
0.0018802293879853344 0.00967117988394584 0.00967117988394584 0.06589225589225589 
0.002820344081978001 0.009539254030334827 0.010214504596527068 0.06604377104377103 
0.002820344081978001 0.00951927653498334 0.010330578512396695 0.06612794612794613 
0.002820344081978001 0.009702144173862424 0.009569377990430622 0.06604377104377103 
0.0018802293879853344 0.009539254030334827 0.010822510822510822 0.06599326599326599 
0.002820344081978001 0.00951927653498334 0.01044932079414838 0.0660942760942761 
0.002820344081978001 0.009539254030334827 0.01044932079414838 0.066010101010101 
0.002820344081978001 0.009539254030334827 0.0106951871657754 0.06597643097643097 
0.002820344081978001 0.009579461634256154 0.010330578512396695 0.066010101010101 
0.0018802293879853344 0.009579461634256154 0.010214504596527068 0.06604377104377103 
0.002820344081978001 0.009559315553006405 0.009881422924901186 0.06604377104377103 
0.002820344081978001 0.00951927653498334 0.011363636363636364 0.06597643097643097 
0.002820344081978001 0.009559315553006405 0.00967117988394584 0.06607744107744108 
0.004700573469963335 0.009479571523367142 0.00999000999000999 0.06604377104377103 
0.002820344081978001 0.00951927653498334 0.01095290251916758 0.06602693602693602 
0.002820344081978001 0.00951927653498334 0.01122334455667789 0.06599326599326599 
0.004700573469963335 0.009479571523367142 0.009775171065493646 0.06607744107744108 
0.0018802293879853344 0.009599692809830085 0.009881422924901186 0.0659090909090909 
0.002820344081978001 0.009681479330041631 0.009569377990430622 0.06606060606060606 
0.0037604587759706687 0.009479571523367142 0.009182736455463728 0.0660942760942761 
0.0018802293879853344 0.009743739647276624 0.009569377990430622 0.06604377104377103 
0.002820344081978001 0.009559315553006405 0.010214504596527068 0.06602693602693602 
0.002820344081978001 0.00951927653498334 0.011086474501108648 0.066010101010101 
0.0018802293879853344 0.009579461634256154 0.009182736455463728 0.0660942760942761 
0.0018802293879853344 0.009712509712509712 0.009569377990430622 0.06606060606060606 
0.002820344081978001 0.00951927653498334 0.010822510822510822 0.06604377104377103 
0.0037604587759706687 0.00951927653498334 0.009182736455463728 0.06607744107744108 
0.0018802293879853344 0.009539254030334827 0.0106951871657754 0.066010101010101 
0.0018802293879853344 0.009539254030334827 0.009182736455463728 0.0661111111111111 
0.0018802293879853344 0.009579461634256154 0.010101010101010102 0.06606060606060606 
0.0018802293879853344 0.009579461634256154 0.00937207122774133 0.06607744107744108 
0.002820344081978001 0.009539254030334827 0.009775171065493646 0.06607744107744108 
0.0018802293879853344 0.009539254030334827 0.01044932079414838 0.06604377104377103 
0.0018802293879853344 0.009539254030334827 0.010214504596527068 0.06607744107744108 
0.0018802293879853344 0.009539254030334827 0.00937207122774133 0.0660942760942761 
0.002820344081978001 0.009539254030334827 0.009182736455463728 0.0660942760942761 
0.002820344081978001 0.009579461634256154 0.009182736455463728 0.06607744107744108 
0.002820344081978001 0.009539254030334827 0.010570824524312896 0.06599326599326599 
0.002820344081978001 0.00951927653498334 0.0106951871657754 0.06606060606060606 
0.0037604587759706687 0.009559315553006405 0.009775171065493646 0.06606060606060606 
