0.004370629370629371 0.011127183709803048 0.012121212121212121 0.0569023569023569 
0.003277972027972028 0.011127183709803048 0.01150747986191024 0.05698653198653199 
0.003277972027972028 0.011127183709803048 0.01122334455667789 0.057003367003367 
0.003277972027972028 0.011127183709803048 0.012121212121212121 0.056919191919191925 
0.004370629370629371 0.011127183709803048 0.011806375442739079 0.05693602693602694 
0.003277972027972028 0.011127183709803048 0.011806375442739079 0.05695286195286195 
0.003277972027972028 0.011154489682097044 0.012453300124533 0.056885521885521886 
0.003277972027972028 0.011127183709803048 0.012453300124533 0.0569023569023569 
0.004370629370629371 0.011127183709803048 0.011961722488038276 0.056919191919191925 
0.003277972027972028 0.011127183709803048 0.011961722488038276 0.05693602693602694 
0.004370629370629371 0.011127183709803048 0.011655011655011654 0.05695286195286195 
0.003277972027972028 0.011127183709803048 0.011655011655011654 0.05696969696969696 
0.0021853146853146855 0.011265067027148811 0.010330578512396695 0.05686868686868687 
0.0021853146853146855 0.011307100859339666 0.010330578512396695 0.056851851851851855 
0.0021853146853146855 0.011420740063956145 0.010330578512396695 0.056818181818181816 
0.0021853146853146855 0.011349449551696741 0.01044932079414838 0.056818181818181816 
0.0021853146853146855 0.011335298118340513 0.010330578512396695 0.05683501683501683 
0.0021853146853146855 0.011209505660800359 0.010214504596527068 0.056885521885521886 
0.0021853146853146855 0.011251125112511251 0.01044932079414838 0.05686868686868687 
0.004370629370629371 0.011127183709803048 0.010214504596527068 0.05724747474747474 
0.0021853146853146855 0.011154489682097044 0.010214504596527068 0.0569023569023569 
0.006555944055944056 0.011127183709803048 0.010214504596527068 0.05719696969696969 
0.0021853146853146855 0.01122334455667789 0.010570824524312896 0.05683501683501683 
0.007648601398601398 0.011127183709803048 0.010214504596527068 0.05712962962962963 
0.004370629370629371 0.011127183709803048 0.010330578512396695 0.057045454545454545 
0.004370629370629371 0.011127183709803048 0.010570824524312896 0.05699494949494949 
0.004370629370629371 0.011127183709803048 0.01044932079414838 0.057011784511784507 
0.004370629370629371 0.011127183709803048 0.0106951871657754 0.05696127946127946 
