0.00933997509339975 0.03342245989304813 0.03134796238244514 0.020067340067340064 
0.01556662515566625 0.033300033300033303 0.032467532467532464 0.019966329966329965 
0.012453300124533 0.03342245989304813 0.032467532467532464 0.019966329966329965 
0.0062266500622665 0.03430531732418524 0.03134796238244514 0.019966329966329965 
0.024906600249066 0.033178500331785 0.03134796238244514 0.020016835016835016 
0.01556662515566625 0.033178500331785 0.032467532467532464 0.01998316498316498 
0.024906600249066 0.033300033300033303 0.03134796238244514 0.019999999999999997 
0.0062266500622665 0.03367003367003367 0.0303030303030303 0.020016835016835016 
0.0186799501867995 0.033300033300033303 0.03134796238244514 0.020016835016835016 
0.00933997509339975 0.03354579000335458 0.032467532467532464 0.019999999999999997 
0.012453300124533 0.034176349965823645 0.03367003367003367 0.01994949494949495 
0.012453300124533 0.03342245989304813 0.03134796238244514 0.01998316498316498 
0.0062266500622665 0.03443526170798898 0.03367003367003367 0.01994949494949495 
0.012453300124533 0.033300033300033303 0.032467532467532464 0.01998316498316498 
0.012453300124533 0.033300033300033303 0.0303030303030303 0.020067340067340064 
0.00933997509339975 0.03354579000335458 0.0303030303030303 0.020016835016835016 
0.00933997509339975 0.03342245989304813 0.03367003367003367 0.020033670033670032 
0.00933997509339975 0.03379520108144644 0.032467532467532464 0.019966329966329965 
0.012453300124533 0.03354579000335458 0.0303030303030303 0.019966329966329965 
0.0062266500622665 0.03367003367003367 0.03134796238244514 0.019999999999999997 
0.00933997509339975 0.03367003367003367 0.032467532467532464 0.01998316498316498 
0.01556662515566625 0.033178500331785 0.0303030303030303 0.020050505050505048 
0.0062266500622665 0.033921302578018994 0.0303030303030303 0.01998316498316498 
0.0062266500622665 0.03379520108144644 0.0303030303030303 0.019999999999999997 
0.0062266500622665 0.03456619426201175 0.032467532467532464 0.01994949494949495 
0.00933997509339975 0.033921302578018994 0.0303030303030303 0.019966329966329965 
0.00933997509339975 0.03379520108144644 0.03134796238244514 0.01998316498316498 
