0.0016887137630171684 0.005764685536403989 0.005285412262156448 0.11079124579124579 
0.001125809175344779 0.005764685536403989 0.005285412262156448 0.11080808080808081 
0.0016887137630171684 0.005775672865888876 0.005285412262156448 0.11077441077441078 
0.001125809175344779 0.005775672865888876 0.005285412262156448 0.11079124579124579 
0.0016887137630171684 0.005783021050196622 0.005285412262156448 0.11075757575757575 
0.001125809175344779 0.005783021050196622 0.005285412262156448 0.11077441077441078 
0.002251618350689558 0.005794078451822237 0.005254860746190225 0.11130471380471381 
0.001125809175344779 0.005797773654916512 0.005254860746190225 0.11097643097643096 
0.001125809175344779 0.005808887598024978 0.005254860746190225 0.11095959595959595 
0.002251618350689558 0.0057573838447809314 0.005285412262156448 0.11106902356902357 
0.001125809175344779 0.00575373993095512 0.0053475935828877 0.11087542087542088 
0.0016887137630171684 0.00575373993095512 0.0053475935828877 0.11085858585858585 
0.002814522938361948 0.00575373993095512 0.0053475935828877 0.11084175084175084 
0.018575851393188854 0.005786702158439905 0.005254860746190225 0.11123737373737373 
0.003377427526034337 0.005786702158439905 0.005254860746190225 0.11174242424242423 
0.018575851393188854 0.005775672865888876 0.005254860746190225 0.11125420875420874 
0.002251618350689558 0.00575373993095512 0.005285412262156448 0.11108585858585858 
0.018575851393188854 0.005772005772005772 0.005254860746190225 0.11128787878787878 
0.018575851393188854 0.005794078451822237 0.005254860746190225 0.1112205387205387 
0.029833943146636645 0.00575373993095512 0.005254860746190225 0.1149074074074074 
0.028708133971291867 0.005761032377001958 0.005254860746190225 0.11451178451178451 
0.018575851393188854 0.005764685536403989 0.005254860746190225 0.11135521885521886 
