0.0028276544606249117 0.0146864444118079 0.016233766233766232 0.04412457912457912 
0.0028276544606249117 0.0146864444118079 0.015408320493066256 0.04414141414141414 
0.0028276544606249117 0.0146864444118079 0.01515151515151515 0.04415824915824916 
0.0028276544606249117 0.014830194275545008 0.014204545454545454 0.04405723905723906 
0.0028276544606249117 0.014830194275545008 0.014430014430014428 0.04404040404040404 
0.0028276544606249117 0.0146864444118079 0.016528925619834708 0.0441077441077441 
0.0028276544606249117 0.014757969303423848 0.013568521031207597 0.04415824915824916 
0.0028276544606249117 0.014903129657228018 0.013986013986013986 0.04404040404040404 
0.0028276544606249117 0.014952153110047845 0.013986013986013986 0.04402356902356903 
0.0028276544606249117 0.0146864444118079 0.013568521031207597 0.04417508417508417 
0.004241481690937367 0.014830194275545008 0.013986013986013986 0.04405723905723906 
