0.0032997855139415937 0.008456659619450317 0.009000900090009001 0.07592592592592592 
0.0032997855139415937 0.008464533604198408 0.008912655971479501 0.07592592592592592 
0.0032997855139415937 0.008691117677733355 0.00819000819000819 0.07542087542087542 
0.0016498927569707968 0.008520064752492118 0.008116883116883116 0.07575757575757575 
0.0024748391354561953 0.008707767328456982 0.008116883116883116 0.07542087542087542 
0.0032997855139415937 0.008472422265525713 0.008116883116883116 0.0761026936026936 
0.0016498927569707968 0.008496176720475784 0.008116883116883116 0.07577441077441077 
0.0016498927569707968 0.008504124500382685 0.00857632933104631 0.07574074074074073 
0.0032997855139415937 0.008707767328456982 0.008045052292839904 0.07542087542087542 
0.0024748391354561953 0.008674531575294934 0.008264462809917354 0.07542087542087542 
0.0032997855139415937 0.008641548565502937 0.008045052292839904 0.07543771043771043 
0.0016498927569707968 0.008658008658008658 0.007974481658692184 0.07543771043771043 
0.0016498927569707968 0.008641548565502937 0.008116883116883116 0.07543771043771043 
0.0016498927569707968 0.0086333419666753 0.007974481658692184 0.07545454545454545 
0.0024748391354561953 0.008568246080027417 0.008045052292839904 0.07548821548821548 
0.0016498927569707968 0.008560178051703475 0.007974481658692184 0.07550505050505049 
0.0016498927569707968 0.008616975441619991 0.007974481658692184 0.07547138047138047 
0.0024748391354561953 0.008608815426997245 0.008045052292839904 0.07545454545454545 
0.0024748391354561953 0.008592541673827118 0.008045052292839904 0.07547138047138047 
0.0016498927569707968 0.008592541673827118 0.007974481658692184 0.07548821548821548 
0.0032997855139415937 0.008504124500382685 0.007974481658692184 0.07588383838383839 
0.0032997855139415937 0.008480325644504749 0.008045052292839904 0.07588383838383839 
0.0049496782709123905 0.008464533604198408 0.007974481658692184 0.07597643097643098 
0.0032997855139415937 0.008488243782361429 0.008045052292839904 0.07566498316498316 
0.0049496782709123905 0.008456659619450317 0.008045052292839904 0.0762121212121212 
0.0024748391354561953 0.008480325644504749 0.008264462809917354 0.07574074074074073 
0.0032997855139415937 0.008512087163772558 0.008045052292839904 0.0755976430976431 
0.0016498927569707968 0.008536064874093042 0.008045052292839904 0.07550505050505049 
0.0032997855139415937 0.008512087163772558 0.007974481658692184 0.0756986531986532 
0.0032997855139415937 0.008480325644504749 0.008116883116883116 0.07566498316498316 
0.0016498927569707968 0.008528057308545113 0.008116883116883116 0.07552188552188552 
0.0024748391354561953 0.008488243782361429 0.00819000819000819 0.07572390572390572 
0.0024748391354561953 0.008512087163772558 0.008417508417508417 0.07555555555555556 
0.0024748391354561953 0.008488243782361429 0.008417508417508417 0.07557239057239057 
0.0049496782709123905 0.008488243782361429 0.007974481658692184 0.07595959595959595 
0.03134796238244514 0.008456659619450317 0.007974481658692184 0.07957912457912458 
0.0024748391354561953 0.008472422265525713 0.008496176720475784 0.07557239057239057 
0.004124731892426992 0.008456659619450317 0.008496176720475784 0.07555555555555556 
0.0016498927569707968 0.008520064752492118 0.008496176720475784 0.07557239057239057 
0.0024748391354561953 0.008616975441619991 0.00819000819000819 0.07543771043771043 
0.0032997855139415937 0.008456659619450317 0.008912655971479501 0.07594276094276094 
0.0049496782709123905 0.008464533604198408 0.00819000819000819 0.07569023569023568 
0.004124731892426992 0.008456659619450317 0.008116883116883116 0.0759006734006734 
0.0016498927569707968 0.008536064874093042 0.007974481658692184 0.07562289562289562 
0.0016498927569707968 0.008616975441619991 0.00819000819000819 0.07545454545454545 
0.004124731892426992 0.008456659619450317 0.008264462809917354 0.07585016835016835 
0.0032997855139415937 0.008512087163772558 0.008116883116883116 0.07558080808080808 
0.006599571027883187 0.008456659619450317 0.008045052292839904 0.07585016835016835 
0.0016498927569707968 0.008528057308545113 0.007974481658692184 0.07563973063973065 
0.0049496782709123905 0.008456659619450317 0.008116883116883116 0.07572390572390572 
