0.019762845849802372 0.053475935828877004 0.04329004329004329 0.013265993265993266 
0.009881422924901186 0.05577244841048522 0.04329004329004329 0.012727272727272728 
0.024703557312252964 0.053475935828877004 0.0478468899521531 0.012693602693602694 
0.024703557312252964 0.053475935828877004 0.04329004329004329 0.012760942760942761 
0.009881422924901186 0.05577244841048522 0.0478468899521531 0.012693602693602694 
0.024703557312252964 0.05443658138268916 0.045454545454545456 0.012676767676767677 
0.009881422924901186 0.05577244841048522 0.045454545454545456 0.01271043771043771 
0.019762845849802372 0.053475935828877004 0.045454545454545456 0.013139730639730639 
0.014822134387351778 0.05577244841048522 0.04329004329004329 0.012676767676767677 
0.024703557312252964 0.053475935828877004 0.045454545454545456 0.012702020202020202 
0.019762845849802372 0.053475935828877004 0.0505050505050505 0.013038720538720539 
0.019762845849802372 0.053475935828877004 0.0478468899521531 0.013055555555555555 
0.014822134387351778 0.05443658138268916 0.045454545454545456 0.01271043771043771 
0.009881422924901186 0.0564652738565782 0.04329004329004329 0.012693602693602694 
0.014822134387351778 0.05577244841048522 0.04132231404958678 0.012727272727272728 
0.014822134387351778 0.05443658138268916 0.04329004329004329 0.013021885521885521 
0.014822134387351778 0.05443658138268916 0.0478468899521531 0.012693602693602694 
0.014822134387351778 0.054764512595837894 0.04329004329004329 0.012693602693602694 
0.019762845849802372 0.05443658138268916 0.045454545454545456 0.012693602693602694 
0.019762845849802372 0.05443658138268916 0.04132231404958678 0.012727272727272728 
0.009881422924901186 0.056818181818181816 0.04132231404958678 0.012693602693602694 
0.009881422924901186 0.05790387955993051 0.04132231404958678 0.012676767676767677 
0.029644268774703556 0.053475935828877004 0.04132231404958678 0.013089225589225588 
