0.012484971793211874 0.005372877713303245 0.006020469596628537 0.13636363636363635 
0.020345879959308238 0.004927322000492732 0.006357279084551811 0.13932659932659933 
0.0073985018033848144 0.00508440105755542 0.006734006734006734 0.1355050505050505 
0.023120318135577547 0.004830451164138731 0.006587615283267457 0.1409090909090909 
0.024969943586423748 0.005331911490269262 0.004686035613870665 0.14443602693602692 
0.0013872190881346527 0.005516328331862312 0.006887052341597796 0.136010101010101 
0.08554517710163692 0.0050142907285764425 0.00522466039707419 0.18221380471380472 
0.025432349949135298 0.005209690023443605 0.004914004914004914 0.14675084175084174 
0.022657911772865993 0.005191838429988059 0.00502260170768458 0.14485690235690235 
0.021733099047442892 0.005191838429988059 0.005078720162519045 0.14416666666666667 
0.014334597244058077 0.004975867044832562 0.006447453255963894 0.13792929292929293 
0.029131600850827707 0.004887585532746823 0.00575373993095512 0.14672558922558923 
9.248127254231018E-4 0.00515357658214801 0.007390983000739099 0.13552188552188552 
0.0023120318135577546 0.0051101231539680105 0.007575757575757575 0.13543771043771044 
0.004624063627115509 0.005075884472869397 0.007575757575757575 0.13575757575757577 
0.010172939979654119 0.004887585532746823 0.006993006993006993 0.13675925925925925 
0.012022565430500324 0.004892846658185733 0.006784260515603799 0.13799663299663298 
0.018496254508462037 0.004822763443453098 0.006887052341597796 0.14026094276094275 
0.018496254508462037 0.004874482086278333 0.006493506493506493 0.14017676767676768 
0.016646629057615832 0.004906049158612569 0.006493506493506493 0.13947811447811448 
0.018496254508462037 0.004924652811976756 0.006402048655569782 0.14005050505050504 
0.023120318135577547 0.004851072086931212 0.006402048655569782 0.14095117845117844 
0.022657911772865993 0.004858850395996307 0.006313131313131312 0.14095117845117844 
0.006936095440673264 0.005081559022308044 0.006993006993006993 0.13547138047138046 
0.0027744381762693053 0.005496317467296911 0.006357279084551811 0.1360353535353535 
0.01572181633219273 0.0049541738915035915 0.0062266500622665 0.13968013468013468 
0.014797003606769629 0.004975867044832562 0.006269592476489028 0.13889730639730638 
0.012947378155923426 0.004995004995004995 0.0062266500622665 0.13796296296296295 
0.017571441783038932 0.004967709885742673 0.006060606060606061 0.1398063973063973 
0.0018496254508462036 0.005479752315195353 0.006447453255963894 0.1361195286195286 
0.04392860445759734 0.005078720162519045 0.005543237250554324 0.14941919191919192 
0.10727827614907981 0.0049622866216752675 0.005078720162519045 0.1993097643097643 
0.03283085175252012 0.005147740142077628 0.004914004914004914 0.1503030303030303 
0.010172939979654119 0.005319431884674717 0.005611672278338945 0.14076599326599326 
0.0073985018033848144 0.005382421012971634 0.00564652738565782 0.13896464646464646 
0.004624063627115509 0.005385609651012494 0.00564652738565782 0.1376094276094276 
0.010172939979654119 0.007284382284382283 0.004662004662004662 0.13836700336700336 
0.0050864699898270594 0.0056924916035748846 0.004784688995215311 0.13775252525252527 
0.012484971793211874 0.005200748907842729 0.005577244841048522 0.1412121212121212 
0.011560159067788773 0.0052639890509027735 0.005543237250554324 0.14053872053872052 
0.017109035420327386 0.005325664376630985 0.0059417706476530005 0.13668350168350168 
0.016646629057615832 0.005335040546308152 0.006020469596628537 0.1365151515151515 
0.08230833256265606 0.005011526510975243 0.005136106831022085 0.1840824915824916 
0.04207897900675113 0.004935346954890929 0.005577244841048522 0.1573063973063973 
0.03375566447794321 0.005133206714234382 0.005577244841048522 0.1462878787878788 
0.03699250901692407 0.005081559022308044 0.004940711462450593 0.15154040404040403 
0.015259409969481181 0.008087997411840828 0.0046146746654360865 0.14072390572390572 
0.0799963007490983 0.00502815768302494 0.005285412262156448 0.17756734006734007 
0.024045130861000647 0.004892846658185733 0.005865102639296188 0.14271885521885522 
0.01618422269490428 0.0054600054600054595 0.00475963826749167 0.13902356902356902 
