0.037191825466814925 0.005688929343497554 0.0038684719535783366 0.18484006734006733 
0.07476707181473104 0.0050170579971904475 0.003918495297805642 0.2195791245791246 
0.013419730838541467 0.0047200981780421035 0.005254860746190225 0.16576599326599326 
0.02185499022276753 0.006830134553650707 0.0038037276531000374 0.17857744107744108 
0.0065181549787201405 0.011977482333213559 0.003852080123266564 0.17212962962962963 
0.012269468195237911 0.004700573469963335 0.00547645125958379 0.16787878787878788 
0.08396917296115945 0.0049813200498132005 0.0039016777214202106 0.23196127946127942 
0.007668417622023695 0.004754659566375047 0.004887585532746823 0.16494107744107742 
7.668417622023695E-4 0.0048074611797509735 0.0048614487117160906 0.16505050505050503 
0.005367892335416587 0.005404821100421576 0.004710315591144607 0.1694191919191919 
0.034124458418005446 0.006582845105654663 0.003756574004507889 0.18512626262626264 
0.0452436639699398 0.004493776120073698 0.00404040404040404 0.19537037037037036 
0.09815574556190329 0.0051770552909505075 0.003819709702062643 0.23455387205387207 
0.01533683524404739 0.007898270278808942 0.003756574004507889 0.17385521885521885 
0.06096392009508838 0.005136106831022085 0.003918495297805642 0.21255050505050505 
0.10774126758943292 0.0047922557147649395 0.003952569169960474 0.24571548821548822 
0.09930600820520685 0.004914004914004914 0.0039016777214202106 0.24257575757575756 
0.057896553046278894 0.00526094276094276 0.003835826620636747 0.20747474747474745 
0.09738890379970093 0.004973145016908692 0.0038684719535783366 0.2392929292929293 
0.018787623173958053 0.007482229704451927 0.003835826620636747 0.17085858585858585 
0.013419730838541467 0.007803355442840421 0.0037878787878787876 0.1715909090909091 
0.041026034277826764 0.005643022402798939 0.003819709702062643 0.1917003367003367 
0.037958667229017286 0.005636025474835146 0.003852080123266564 0.18957912457912457 
0.05444576511636824 0.005678269263528476 0.0037878787878787876 0.1997138047138047 
0.05252866071086231 0.00446508305054474 0.004095004095004095 0.19874579124579125 
0.07745101798243932 0.005008765339343852 0.0039016777214202106 0.2256986531986532 
0.04754418925654691 0.005124525981346725 0.003969829297340214 0.20222222222222222 
0.07169970476592155 0.005025378159706518 0.003935458480913027 0.21977272727272726 
0.0755339135769334 0.005316321105794789 0.0038037276531000374 0.21311447811447812 
0.01955446493616042 0.004318721658389117 0.004349717268377555 0.17337542087542088 
0.02645604079598175 0.004270037149323199 0.004329004329004329 0.1782996632996633 
0.03680840458571374 0.0058014735742878696 0.0037878787878787876 0.1909090909090909 
0.023772094628273455 0.004274052228918237 0.0045228403437358655 0.17415824915824915 
0.021471569341666347 0.007085665698292354 0.003756574004507889 0.17585016835016834 
0.02990682872589241 0.006724045185583646 0.003772161448509996 0.178526936026936 
0.022238411103868715 0.00779666302822392 0.003756574004507889 0.17460437710437712 
0.014186572600743836 0.00762660158633313 0.003835826620636747 0.168510101010101 
0.01380315171964265 0.006084945843981988 0.0038850038850038854 0.17414983164983167 
0.04486024308883862 0.0053225463061528635 0.0039016777214202106 0.19711279461279463 
0.01610367700624976 0.007506943923128894 0.0037878787878787876 0.1706986531986532 
0.025305778152678194 0.005357047195585793 0.003935458480913027 0.1844107744107744 
0.056746290402975345 0.00515649976795751 0.0039016777214202106 0.2075084175084175 
0.05406234423526705 0.005650036725238714 0.0038037276531000374 0.20233164983164983 
0.01802078141175568 0.005992688919518188 0.0038850038850038854 0.17572390572390573 
0.03834208811011848 0.005257899994742099 0.003952569169960474 0.19505050505050503 
0.013036309957440281 0.008674531575294934 0.0037878787878787876 0.17242424242424242 
0.02338867374717227 0.005834986579530867 0.003952569169960474 0.1738047138047138 
0.02568919903377938 0.005681818181818182 0.0039016777214202106 0.17997474747474745 
0.0452436639699398 0.005236698785085882 0.003952569169960474 0.19811447811447813 
0.08205206855565353 0.00499775101204458 0.0038850038850038854 0.229520202020202 
