0.0012513295376337357 0.006456611570247933 0.0062266500622665 0.09973063973063973 
0.0031283238440843394 0.0064201335387776065 0.0061012812690665035 0.10021043771043771 
0.001876994306450604 0.006438320885912954 0.0061012812690665035 0.09986531986531987 
0.0012513295376337357 0.006452029163171817 0.0061012812690665035 0.09984848484848485 
0.001876994306450604 0.006447453255963894 0.006142506142506143 0.09973063973063973 
0.001876994306450604 0.006447453255963894 0.0062266500622665 0.09971380471380471 
0.001876994306450604 0.0064796215900991385 0.006060606060606061 0.09986531986531987 
0.0012513295376337357 0.006488871585231328 0.006142506142506143 0.09961279461279461 
0.0025026590752674715 0.006447453255963894 0.006060606060606061 0.10004208754208754 
0.0025026590752674715 0.006433764395547835 0.0061012812690665035 0.10002525252525252 
0.0025026590752674715 0.006433764395547835 0.006142506142506143 0.1000084175084175 
0.0025026590752674715 0.006433764395547835 0.0062266500622665 0.09999158249158248 
0.003753988612901208 0.0064201335387776065 0.006060606060606061 0.10038720538720539 
0.001876994306450604 0.006433764395547835 0.006269592476489028 0.09992424242424242 
0.0031283238440843394 0.006452029163171817 0.006184291898577612 0.09966329966329966 
0.0012513295376337357 0.006484243288808196 0.006142506142506143 0.09962962962962962 
0.0031283238440843394 0.006433764395547835 0.006142506142506143 0.09968013468013467 
0.001876994306450604 0.006452029163171817 0.006142506142506143 0.09969696969696969 
0.001876994306450604 0.006433764395547835 0.006313131313131312 0.09989057239057239 
0.001876994306450604 0.006433764395547835 0.006357279084551811 0.09987373737373738 
0.001876994306450604 0.00646579593948015 0.006142506142506143 0.09968013468013467 
0.0012513295376337357 0.006470397929472662 0.006184291898577612 0.09966329966329966 
0.0031283238440843394 0.006433764395547835 0.006060606060606061 0.10002525252525252 
0.0025026590752674715 0.006442883834804458 0.006142506142506143 0.09968013468013467 
0.0025026590752674715 0.006442883834804458 0.0062266500622665 0.09966329966329966 
0.0025026590752674715 0.006438320885912954 0.006142506142506143 0.09969696969696969 
0.0025026590752674715 0.006438320885912954 0.0062266500622665 0.09968013468013467 
0.0012513295376337357 0.006475006475006475 0.006184291898577612 0.09964646464646465 
0.001876994306450604 0.006461200491051237 0.006184291898577612 0.09966329966329966 
0.0012513295376337357 0.0064796215900991385 0.006184291898577612 0.0995959595959596 
0.0025026590752674715 0.006461200491051237 0.006060606060606061 0.09989898989898989 
0.0031283238440843394 0.006442883834804458 0.006060606060606061 0.1000084175084175 
0.001876994306450604 0.006456611570247933 0.006184291898577612 0.09968013468013467 
0.0025026590752674715 0.006475006475006475 0.006060606060606061 0.09988215488215488 
0.0012513295376337357 0.006502796202367017 0.006060606060606061 0.09983164983164983 
0.003753988612901208 0.0064201335387776065 0.006142506142506143 0.09969696969696969 
0.003753988612901208 0.0064201335387776065 0.0062266500622665 0.09968013468013467 
0.0031283238440843394 0.0064201335387776065 0.006142506142506143 0.09995791245791245 
0.0012513295376337357 0.006484243288808196 0.006184291898577612 0.09957912457912459 
0.0031283238440843394 0.0064201335387776065 0.0062266500622665 0.09989057239057239 
0.0012513295376337357 0.006461200491051237 0.006142506142506143 0.09969696969696969 
0.0012513295376337357 0.006488871585231328 0.006060606060606061 0.09984848484848485 
0.0031283238440843394 0.0064201335387776065 0.006184291898577612 0.09992424242424242 
0.0012513295376337357 0.006452029163171817 0.006269592476489028 0.09964646464646465 
0.0012513295376337357 0.006456611570247933 0.006269592476489028 0.09962962962962962 
0.0031283238440843394 0.0064201335387776065 0.006269592476489028 0.09985690235690235 
