0.0016080617495711836 0.0052884869638796335 0.00522466039707419 0.1157912457912458 
0.0010720411663807888 0.005328786102525845 0.00522466039707419 0.11523569023569023 
0.0010720411663807888 0.0053070105609510166 0.00522466039707419 0.11526936026936027 
0.0016080617495711836 0.0053070105609510166 0.00522466039707419 0.11525252525252525 
0.0010720411663807888 0.00529464711177 0.00522466039707419 0.1152861952861953 
0.0016080617495711836 0.005316321105794789 0.00522466039707419 0.11523569023569023 
0.0010720411663807888 0.005316321105794789 0.00522466039707419 0.11525252525252525 
0.0010720411663807888 0.0053225463061528635 0.005254860746190225 0.11523569023569023 
0.0016080617495711836 0.005328786102525845 0.00522466039707419 0.1152188552188552 
0.0016080617495711836 0.0053225463061528635 0.005254860746190225 0.1152188552188552 
0.0010720411663807888 0.005303914288745094 0.005194805194805195 0.1153030303030303 
0.0010720411663807888 0.005328786102525845 0.005194805194805195 0.11525252525252525 
0.0010720411663807888 0.005319431884674717 0.005194805194805195 0.11526936026936027 
0.0021440823327615777 0.0052884869638796335 0.005194805194805195 0.1156986531986532 
0.0010720411663807888 0.00529464711177 0.005194805194805195 0.11533670033670035 
0.0010720411663807888 0.0053070105609510166 0.005194805194805195 0.1152861952861953 
0.0016080617495711836 0.00529464711177 0.00522466039707419 0.11526936026936027 
0.0021440823327615777 0.0052884869638796335 0.00522466039707419 0.11538720538720537 
0.0016080617495711836 0.0053070105609510166 0.005411255411255411 0.11518518518518518 
0.0016080617495711836 0.0052884869638796335 0.005411255411255411 0.11520202020202021 
0.0010720411663807888 0.005313213963126295 0.005411255411255411 0.11518518518518518 
0.0010720411663807888 0.00529464711177 0.005411255411255411 0.11520202020202021 
0.0010720411663807888 0.0053070105609510166 0.005443658138268917 0.11518518518518518 
0.0016080617495711836 0.005300821627352239 0.005443658138268917 0.11518518518518518 
