0.03611830448412157 0.0054241701019743975 0.0034048348655090228 0.21387205387205385 
0.013970287583480985 0.004098696614476596 0.004288164665523155 0.19221380471380473 
6.814774430966335E-4 0.00702543206407194 0.00404040404040404 0.18934343434343434 
0.12266593975739402 0.0041893590280687055 0.0035373187124159884 0.29073232323232323 
0.12198446231429741 0.0042204777580822144 0.003523608174770965 0.2874242424242424 
0.020785062014447322 0.005790387955993051 0.003379520108144643 0.19933501683501684 
0.01362954886193267 0.004152996386893143 0.004967709885742673 0.1897222222222222 
0.006814774430966335 0.006004563468235859 0.003523608174770965 0.19153198653198653 
0.018059152242060787 0.006093102607847916 0.0034048348655090228 0.19783670033670034 
0.007836990595611285 0.004264028654272557 0.004887585532746823 0.18548821548821548 
0.10290309390759166 0.0044324276406187664 0.0034698126301179735 0.2664393939393939 
0.08109581572849939 0.004447607187333214 0.00351000351000351 0.2473232323232323 
0.11380673299713778 0.004222438035721826 0.0035373187124159884 0.2785690235690236 
0.07768842851301622 0.004579803068468055 0.003483106931382793 0.2411784511784512 
0.09745127436281859 0.004345558838866678 0.0034965034965034965 0.2671127946127946 
0.0507700695106992 0.004673989249824725 0.003523608174770965 0.22097643097643097 
0.08279950933624096 0.0044194988288328105 0.003523608174770965 0.2493097643097643 
0.09711053564127027 0.004349717268377555 0.003483106931382793 0.27005892255892255 
0.08791059015946572 0.004391743522178304 0.003483106931382793 0.2624074074074074 
0.09745127436281859 0.00449599856128046 0.0034566194262011752 0.26015993265993265 
0.08484394166553087 0.0043727316454589184 0.003523608174770965 0.2567845117845118 
0.07666621234837126 0.004456327985739751 0.003523608174770965 0.24136363636363636 
0.029985007496251874 0.003973299427844882 0.0036509675063891925 0.20156565656565656 
0.04463677252282949 0.00490869821323385 0.00351000351000351 0.20911616161616162 
0.02794057516696197 0.005611672278338945 0.0034048348655090228 0.20554713804713803 
0.019762845849802372 0.004024306813151434 0.0036805299963194697 0.19611111111111112 
0.004770342101676434 0.006113590511707526 0.0035511363636363635 0.19149831649831647 
0.0735995638544364 0.004476075377109351 0.003523608174770965 0.2409343434343434 
0.03373313343328336 0.003921876225586321 0.0036509675063891925 0.204006734006734 
0.013970287583480985 0.006282590940503864 0.00351000351000351 0.1928198653198653 
0.04872563718140929 0.004575193301917006 0.0035511363636363635 0.22550505050505049 
0.10085866157830176 0.004286142900004286 0.0035373187124159884 0.26746632996632996 
0.02385171050838217 0.005746465923457073 0.0033921302578018993 0.19992424242424242 
0.030666484939348506 0.0056570685070996204 0.0033921302578018993 0.20614478114478116 
0.057244105220117206 0.004690871563936579 0.0034965034965034965 0.22463804713804714 
0.08450320294398256 0.004341408352869671 0.0035373187124159884 0.25171717171717173 
0.05315524056153741 0.004727461825745757 0.0034965034965034965 0.22135521885521883 
0.06371814092953523 0.004739785761683571 0.0034698126301179735 0.22904040404040404 
0.05145154695379583 0.0047998464049150424 0.0034566194262011752 0.22313131313131312 
0.0773476897914679 0.004596010662744737 0.003443526170798898 0.24496632996632994 
0.017036936077415837 0.004083966348117292 0.0036805299963194697 0.19424242424242424 
0.05451819544773068 0.004579803068468055 0.0035373187124159884 0.23317340067340067 
0.025555404116123753 0.005036514731805591 0.003523608174770965 0.1981986531986532 
0.05792558266321385 0.004536381781890764 0.0035373187124159884 0.23085016835016836 
0.02282949434373722 0.003933755556429723 0.003756574004507889 0.19437710437710437 
0.0671255281450184 0.00475963826749167 0.003430531732418525 0.23079966329966328 
0.06405887965108355 0.004671587405400354 0.003483106931382793 0.23133838383838382 
0.0163554586343192 0.005168225748100677 0.003621876131836291 0.19136363636363635 
0.010903639089546136 0.004916662569447859 0.003621876131836291 0.19452861952861952 
0.028622052610058603 0.003957731428345272 0.0035932446999640674 0.20423400673400674 
