0.03597282053559533 0.004898119122257054 0.004662004662004662 0.1584090909090909 
0.03508460274459297 0.004895481470602633 0.004710315591144607 0.157996632996633 
0.050628414087134165 0.0048407396650208155 0.004686035613870665 0.16478114478114478 
0.004885197850512946 0.007451564828614009 0.004500450045004501 0.14667508417508418 
0.00843806901452236 0.006411078343377356 0.004545454545454545 0.1441919191919192 
0.015099702447040014 0.00597300203082069 0.004710315591144607 0.14585858585858585 
0.012879157969534129 0.004895481470602633 0.005254860746190225 0.14484848484848484 
0.062175245370164764 0.00478217206255081 0.004662004662004662 0.1745117845117845 
0.01865257361104943 0.0048407396650208155 0.005285412262156448 0.14817340067340068 
0.027090642625571787 0.005930142916444286 0.004545454545454545 0.15914141414141414 
8.882177910023537E-4 0.007582075972401243 0.0044782803403493054 0.14387205387205387 
0.0022205444775058843 0.005350741077639253 0.00564652738565782 0.14163299663299664 
0.0017764355820047075 0.00529464711177 0.005827505827505827 0.14158249158249156 
0.010658613492028245 0.00502260170768458 0.005611672278338945 0.1411952861952862 
0.009770395701025891 0.005025378159706518 0.00575373993095512 0.14112794612794613 
0.012879157969534129 0.004964996772752098 0.005611672278338945 0.14212962962962963 
0.011102722387529422 0.005003252113874018 0.005577244841048522 0.14186026936026935 
0.025314207043567082 0.00483558994197292 0.005078720162519045 0.1519023569023569 
0.003552871164009415 0.005212677231025855 0.005980861244019138 0.14143097643097644 
0.009770395701025891 0.004946087644673063 0.005316321105794789 0.14281986531986532 
0.02975529599857885 0.0048074611797509735 0.004967709885742673 0.15524410774410774 
0.01421148465603766 0.004938027751715964 0.005165289256198347 0.1467087542087542 
0.01421148465603766 0.004879715024642561 0.00522466039707419 0.14667508417508418 
0.010658613492028245 0.004916662569447859 0.0053792361484669175 0.14426767676767677 
0.019984900297552958 0.004927322000492732 0.005078720162519045 0.14776936026936027 
0.017764355820047074 0.004927322000492732 0.005107252298263534 0.1469276094276094 
0.01865257361104943 0.004869260359351414 0.005165289256198347 0.14708754208754207 
0.01865257361104943 0.004864049807870033 0.00522466039707419 0.14696969696969694 
0.05995470089265888 0.004794783275795933 0.0046146746654360865 0.17227272727272727 
0.05329306746014122 0.004789730817128077 0.00475963826749167 0.16627104377104376 
0.009326286805524714 0.005036514731805591 0.00475963826749167 0.14549663299663299 
0.00843806901452236 0.006470397929472662 0.0045228403437358655 0.1440993265993266 
0.011546831283030598 0.005107252298263534 0.005411255411255411 0.14126262626262626 
0.012435049074032952 0.00502260170768458 0.00547645125958379 0.14186868686868687 
0.006217524537016476 0.005067396371744198 0.0048614487117160906 0.14344276094276093 
0.04840786960962828 0.005316321105794789 0.004500450045004501 0.16847643097643097 
0.01865257361104943 0.005039306591413022 0.004940711462450593 0.14489057239057238 
0.04574321623662122 0.005953444067392987 0.004456327985739751 0.16045454545454543 
0.010658613492028245 0.006568575932737782 0.004545454545454545 0.14303872053872052 
0.011546831283030598 0.006516780710329097 0.0046146746654360865 0.14303872053872052 
0.015543811342541191 0.007096728408203818 0.004500450045004501 0.14414983164983167 
0.02398188035706355 0.004964996772752098 0.004662004662004662 0.15228114478114477 
0.004441088955011769 0.006587615283267457 0.004638218923933209 0.14296296296296296 
0.0173202469245459 0.004921986513756952 0.00483558994197292 0.151026936026936 
0.05773415641515299 0.004911350130150778 0.004545454545454545 0.1721969696969697 
0.011546831283030598 0.006113590511707526 0.004638218923933209 0.14582491582491583 
0.04929608740063063 0.005629045876723896 0.004456327985739751 0.17444444444444443 
0.011990940178531775 0.006024459304777395 0.004662004662004662 0.1487962962962963 
0.013767375760536483 0.006056568348373812 0.004545454545454545 0.15037878787878786 
0.03819336501310121 0.005344449788894233 0.004545454545454545 0.16148148148148148 
