0.041470157749227514 0.005215667866270276 0.004268032437046521 0.18631313131313132 
0.07318263132216621 0.004924652811976756 0.004308487720809996 0.20797138047138045 
0.009757684176288826 0.0047571476142904716 0.005285412262156448 0.15506734006734005 
8.131403480240689E-4 0.006252344629235963 0.005165289256198347 0.1568013468013468 
0.008537973654252724 0.004964996772752098 0.0053792361484669175 0.15646464646464645 
0.030492763050902583 0.004498223201835274 0.004391743522178304 0.16738215488215488 
0.017482517482517484 0.004638218923933209 0.0046146746654360865 0.15838383838383838 
0.10408196454708082 0.004924652811976756 0.004208754208754209 0.22456228956228957 
0.12563018376971863 0.00483558994197292 0.004248088360237892 0.24798821548821548 
0.07277606114815417 0.005081559022308044 0.004208754208754209 0.1994191919191919 
0.08863229793462352 0.004989522003792037 0.004208754208754209 0.21804713804713804 
0.005285412262156448 0.0073610599926389395 0.004288164665523155 0.16106902356902356 
0.06667750853797365 0.004964996772752098 0.004308487720809996 0.20015151515151516 
0.08944543828264759 0.004964996772752098 0.004268032437046521 0.2145875420875421 
0.11993820133355017 0.004797313504437514 0.004308487720809996 0.24505892255892256 
0.10001626280696048 0.004924652811976756 0.004228329809725159 0.22140572390572388 
0.008537973654252724 0.004777146132900205 0.005254860746190225 0.15734848484848485 
0.07968775410635875 0.004892846658185733 0.004329004329004329 0.21003367003367002 
0.014636526264433241 0.0059070234508831 0.004329004329004329 0.15877946127946127 
0.023581070092697998 0.005594405594405594 0.004288164665523155 0.16278619528619528 
0.04025044722719141 0.0054600054600054595 0.004228329809725159 0.17261784511784511 
0.06911692958204586 0.005124525981346725 0.0041893590280687055 0.1944107744107744 
0.03008619287689055 0.00555000555000555 0.004248088360237892 0.16516835016835016 
0.015043096438445275 0.007096728408203818 0.004095004095004095 0.16478114478114478 
0.07358920149617824 0.005463286713286713 0.004132231404958677 0.20163299663299664 
0.051634412099528376 0.005276209571044162 0.0041893590280687055 0.1835016835016835 
0.05732639453569686 0.005090094675760969 0.004268032437046521 0.1958080808080808 
0.035371605139047 0.006361727845282779 0.004058441558441558 0.17285353535353534 
0.07806147341031061 0.005092946269416858 0.004151100041511 0.2037037037037037 
0.015856236786469344 0.005486366379546826 0.004349717268377555 0.1658080808080808 
0.021548219222637825 0.006934331877123639 0.004151100041511 0.16192760942760942 
0.032932184094974795 0.005388802069299994 0.004268032437046521 0.17872895622895624 
0.07114978045210603 0.006076810889645114 0.004058441558441558 0.19648989898989896 
0.011790535046348999 0.005786702158439905 0.004308487720809996 0.16024410774410774 
0.04919499105545617 0.005191838429988059 0.004248088360237892 0.19156565656565655 
0.03862416653114328 0.006330716637123322 0.004095004095004095 0.17434343434343433 
0.0626118067978533 0.005104384666428462 0.004208754208754209 0.19267676767676767 
0.08863229793462352 0.004984051036682615 0.0041893590280687055 0.22068181818181817 
0.01910879817856562 0.007069136151562279 0.004095004095004095 0.16462962962962963 
0.058546105057732965 0.00511299723898149 0.004308487720809996 0.1869023569023569 
0.032932184094974795 0.005248792777661138 0.004308487720809996 0.1725084175084175 
0.02805334200683038 0.006388551715326135 0.004095004095004095 0.16865319865319867 
0.01544966661245731 0.0056641178136505235 0.004288164665523155 0.1604124579124579 
0.015043096438445275 0.005976929053852131 0.004248088360237892 0.16389730639730637 
0.05691982436168482 0.005254860746190225 0.004228329809725159 0.18484006734006733 
0.018295657830541552 0.0056960583276372745 0.004228329809725159 0.16283670033670034 
0.06464465766791347 0.00508440105755542 0.004268032437046521 0.19274410774410775 
0.07277606114815417 0.005036514731805591 0.004248088360237892 0.20627946127946128 
0.07602862254025045 0.005000500050005001 0.004248088360237892 0.20882154882154882 
0.05448040331761261 0.005136106831022085 0.004248088360237892 0.18725589225589226 
