0.008084074373484237 0.007307804735457468 0.007272727272727273 0.0843939393939394 
0.001469831704269861 0.007331378299120234 0.007513148009015778 0.0843939393939394 
0.001469831704269861 0.00737300007373 0.007215007215007214 0.08442760942760942 
0.002939663408539722 0.007331378299120234 0.007215007215007214 0.0847053872053872 
0.001469831704269861 0.007355104442483083 0.007215007215007214 0.08444444444444443 
0.0036745792606746527 0.00732547066149 0.007331378299120234 0.0843097643097643 
0.001469831704269861 0.007331378299120234 0.007331378299120234 0.08441077441077441 
0.001469831704269861 0.007409053863821589 0.007215007215007214 0.08441077441077441 
0.0036745792606746527 0.007331378299120234 0.007272727272727273 0.0842929292929293 
0.001469831704269861 0.007337295472888692 0.007272727272727273 0.08434343434343435 
0.0051444109649445135 0.007301935012778385 0.007272727272727273 0.0846043771043771 
0.01396340119056368 0.007301935012778385 0.007272727272727273 0.08444444444444443 
0.005879326817079444 0.007307804735457468 0.007451564828614009 0.08436026936026936 
0.0051444109649445135 0.007301935012778385 0.007451564828614009 0.0843939393939394 
0.005879326817079444 0.007301935012778385 0.007390983000739099 0.08441077441077441 
0.0073491585213493055 0.007307804735457468 0.007390983000739099 0.08436026936026936 
0.002939663408539722 0.00731368390258173 0.007272727272727273 0.08448653198653198 
0.002939663408539722 0.007301935012778385 0.007331378299120234 0.08448653198653198 
0.0036745792606746527 0.007331378299120234 0.007513148009015778 0.08427609427609427 
0.002939663408539722 0.007331378299120234 0.007451564828614009 0.0842929292929293 
0.002939663408539722 0.00732547066149 0.007451564828614009 0.0843097643097643 
0.010288821929889027 0.007307804735457468 0.007331378299120234 0.08437710437710437 
0.0036745792606746527 0.00732547066149 0.007513148009015778 0.0842929292929293 
0.0022047475564047916 0.00731368390258173 0.007331378299120234 0.08434343434343435 
0.0022047475564047916 0.0073195725369638405 0.007272727272727273 0.08434343434343435 
0.002939663408539722 0.007427213309566251 0.007215007215007214 0.08436026936026936 
0.002939663408539722 0.007390983000739099 0.007215007215007214 0.08437710437710437 
0.004409495112809583 0.007307804735457468 0.007272727272727273 0.08457070707070707 
0.010288821929889027 0.007301935012778385 0.007331378299120234 0.0843939393939394 
0.004409495112809583 0.007301935012778385 0.007272727272727273 0.08475589225589225 
0.002939663408539722 0.007367025195226167 0.007215007215007214 0.0843939393939394 
0.002939663408539722 0.00734322220590395 0.007215007215007214 0.08442760942760942 
0.0036745792606746527 0.007301935012778385 0.007331378299120234 0.08442760942760942 
0.005879326817079444 0.007301935012778385 0.007215007215007214 0.08503367003367003 
0.004409495112809583 0.0073195725369638405 0.007215007215007214 0.08463804713804714 
0.0022047475564047916 0.007403020432336393 0.007331378299120234 0.08415824915824915 
0.004409495112809583 0.007337295472888692 0.007215007215007214 0.08457070707070707 
0.0036745792606746527 0.007307804735457468 0.007272727272727273 0.08475589225589225 
0.0022047475564047916 0.00737300007373 0.007272727272727273 0.08417508417508417 
0.0022047475564047916 0.007367025195226167 0.007331378299120234 0.08419191919191919 
0.001469831704269861 0.007409053863821589 0.007272727272727273 0.08417508417508417 
0.0022047475564047916 0.007331378299120234 0.007331378299120234 0.08432659932659933 
0.0022047475564047916 0.007337295472888692 0.007272727272727273 0.08432659932659933 
0.001469831704269861 0.007355104442483083 0.007272727272727273 0.08422558922558922 
0.001469831704269861 0.007403020432336393 0.007331378299120234 0.08417508417508417 
0.001469831704269861 0.00737300007373 0.007272727272727273 0.08419191919191919 
0.001469831704269861 0.007337295472888692 0.007331378299120234 0.08424242424242423 
0.0073491585213493055 0.007301935012778385 0.007390983000739099 0.08437710437710437 
0.0022047475564047916 0.0073491585213493055 0.007331378299120234 0.0842087542087542 
0.002939663408539722 0.00734322220590395 0.007331378299120234 0.08422558922558922 
