0.01727393243080384 0.0064201335387776065 0.0038850038850038854 0.16626262626262625 
0.1112762624030852 0.004946087644673063 0.003952569169960474 0.23110269360269362 
0.005624071023982646 0.004784688995215311 0.004500450045004501 0.15772727272727272 
0.13256738842244806 0.004892846658185733 0.003952569169960474 0.25521043771043767 
0.01968424858393926 0.004582111436950146 0.004434589800443459 0.1646969696969697 
0.05463383280440284 0.005473154178753215 0.0038850038850038854 0.19665824915824917 
0.014461896918812516 0.00572475383558507 0.004004805766920304 0.1687962962962963 
0.007230948459406258 0.004664396660291991 0.005543237250554324 0.15963804713804713 
0.012051580765677097 0.006093102607847916 0.003987240829346092 0.16057239057239056 
0.006025790382838549 0.005842486562280907 0.004095004095004095 0.16143939393939394 
0.007632667818262162 0.006205398696866274 0.004022526146419952 0.1599074074074074 
0.005624071023982646 0.004690871563936579 0.005543237250554324 0.1584006734006734 
8.034387177118065E-4 0.004938027751715964 0.004784688995215311 0.15727272727272726 
0.13819145944643071 0.004820206304829847 0.004022526146419952 0.25905723905723904 
0.003615474229703129 0.004749691270067445 0.005194805194805195 0.15703703703703703 
0.007632667818262162 0.004681209624566988 0.0053475935828877 0.15898148148148147 
0.006025790382838549 0.004722550177095631 0.005316321105794789 0.15755050505050502 
0.002812035511991323 0.004744733345985955 0.005411255411255411 0.15815656565656566 
0.01606877435423613 0.004572891896835559 0.004545454545454545 0.16221380471380473 
0.023701442172498293 0.004511617414843221 0.00441306266548985 0.16732323232323232 
0.021291126019362873 0.004500450045004501 0.0045682960255824575 0.1648063973063973 
0.0024103161531354197 0.004817651876475405 0.004940711462450593 0.1571043771043771 
0.006427509741694452 0.006789327177676692 0.003935458480913027 0.16105218855218853 
0.012855019483388904 0.004681209624566988 0.00475963826749167 0.15903198653198652 
0.008034387177118065 0.0047200981780421035 0.004995004995004995 0.1583164983164983 
0.004418912947414935 0.006163328197226502 0.004132231404958677 0.15914983164983165 
0.004017193588559033 0.005853772756541591 0.004228329809725159 0.15848484848484848 
8.034387177118065E-4 0.005104384666428462 0.0046146746654360865 0.15760942760942762 
0.13417426585787168 0.004877097151775263 0.003952569169960474 0.25667508417508417 
0.0369581810147431 0.005560189046427578 0.003952569169960474 0.1839057239057239 
0.048608042421564294 0.005783021050196622 0.0038850038850038854 0.1855808080808081 
0.0048206323062708395 0.006664889362836577 0.003987240829346092 0.16102693602693602 
0.012453300124533 0.005768343331795108 0.004022526146419952 0.16583333333333333 
0.044590848833005264 0.00547645125958379 0.003952569169960474 0.18974747474747475 
0.027718635761057327 0.004662004662004662 0.004151100041511 0.16836700336700336 
0.029325513196480937 0.004602991944764097 0.0041893590280687055 0.1699074074074074 
0.007230948459406258 0.006840413160954921 0.003969829297340214 0.16048821548821549 
0.028522074478769133 0.005408036342004218 0.004113533525298231 0.16615319865319866 
0.030128951914192747 0.005411255411255411 0.004058441558441558 0.16718013468013468 
0.016872213071947938 0.004710315591144607 0.004308487720809996 0.16488215488215488 
0.01004298397139758 0.004812551133355792 0.0041893590280687055 0.1605892255892256 
0.007632667818262162 0.00476462740613684 0.004308487720809996 0.1597222222222222 
0.005624071023982646 0.004858850395996307 0.004288164665523155 0.15862794612794615 
0.0879765395894428 0.005053312446308555 0.003969829297340214 0.21223063973063971 
0.021692845378218775 0.005597850425436633 0.004058441558441558 0.17422558922558923 
0.018077371148515646 0.006442883834804458 0.003852080123266564 0.16705387205387204 
0.01004298397139758 0.005884083553986467 0.003952569169960474 0.164520202020202 
0.01365845820110071 0.0056960583276372745 0.00404040404040404 0.16725589225589224 
0.01004298397139758 0.004734848484848484 0.004308487720809996 0.16073232323232323 
0.02731691640220142 0.0055806685640939786 0.003987240829346092 0.176010101010101 
