0.0023053869207715363 0.007415097137772504 0.00857632933104631 0.08013468013468013 
0.0023053869207715363 0.007409053863821589 0.008496176720475784 0.08018518518518518 
0.0023053869207715363 0.007415097137772504 0.008340283569641367 0.08018518518518518 
0.0023053869207715363 0.007409053863821589 0.008340283569641367 0.08020202020202019 
0.0023053869207715363 0.007415097137772504 0.008496176720475784 0.08015151515151515 
0.0023053869207715363 0.007415097137772504 0.008417508417508417 0.08016835016835017 
0.0015369246138476906 0.0074211502782931356 0.007390983000739099 0.08006734006734006 
0.0023053869207715363 0.007415097137772504 0.008264462809917354 0.08020202020202019 
0.0030738492276953812 0.007409053863821589 0.007390983000739099 0.08027777777777777 
0.0030738492276953812 0.007415097137772504 0.007390983000739099 0.08026094276094276 
0.0015369246138476906 0.0074211502782931356 0.007513148009015778 0.07991582491582491 
0.0023053869207715363 0.007451564828614009 0.007513148009015778 0.07986531986531986 
0.0023053869207715363 0.007427213309566251 0.007513148009015778 0.07988215488215489 
0.0015369246138476906 0.007451564828614009 0.007513148009015778 0.07988215488215489 
0.0015369246138476906 0.007427213309566251 0.007513148009015778 0.0798989898989899 
0.0015369246138476906 0.007469933517591693 0.007575757575757575 0.07986531986531986 
0.0023053869207715363 0.0074760765550239226 0.007513148009015778 0.07984848484848485 
0.0015369246138476906 0.0074760765550239226 0.007513148009015778 0.07986531986531986 
0.0023053869207715363 0.007469933517591693 0.007575757575757575 0.07984848484848485 
0.0015369246138476906 0.007427213309566251 0.007390983000739099 0.07999999999999999 
0.0023053869207715363 0.0074211502782931356 0.007390983000739099 0.08001683501683501 
0.0015369246138476906 0.0074211502782931356 0.007451564828614009 0.08001683501683501 
0.0023053869207715363 0.007451564828614009 0.007390983000739099 0.07996632996632996 
0.0015369246138476906 0.007451564828614009 0.007390983000739099 0.07998316498316498 
0.0023053869207715363 0.007427213309566251 0.007390983000739099 0.07998316498316498 
0.0015369246138476906 0.0074211502782931356 0.007331378299120234 0.08026936026936025 
0.0030738492276953812 0.007409053863821589 0.007331378299120234 0.08061447811447811 
0.0030738492276953812 0.007409053863821589 0.007451564828614009 0.08011784511784512 
0.0030738492276953812 0.007415097137772504 0.007451564828614009 0.0801010101010101 
0.0023053869207715363 0.007409053863821589 0.007451564828614009 0.08021885521885522 
