0.05135895032802249 0.004916662569447859 0.004170141784820684 0.20263468013468014 
0.024742268041237112 0.006554368486596316 0.0037257824143070045 0.18339225589225588 
0.008997188378631676 0.004729921483303377 0.004784688995215311 0.1689141414141414 
0.0232427366447985 0.0043517994690804645 0.004967709885742673 0.18069023569023568 
0.11433926897844424 0.004633490872022982 0.004113533525298231 0.254486531986532 
0.019119025304592314 0.004374835943652113 0.004940711462450593 0.17886363636363636 
0.09109653233364573 0.0051770552909505075 0.003772161448509996 0.2300084175084175 
0.11883786316776006 0.004607657927475464 0.004113533525298231 0.25877104377104376 
0.09821930646672915 0.0048484848484848485 0.003987240829346092 0.24439393939393936 
0.06260543580131209 0.005388802069299994 0.0037257824143070045 0.205 
0.12558575445173384 0.004640586570142466 0.004058441558441558 0.26117003367003366 
0.06822867853795687 0.004547728409659375 0.004170141784820684 0.21188552188552187 
0.1042174320524836 0.0048381634331607715 0.003969829297340214 0.24871212121212122 
0.021743205248359886 0.0065780818313379815 0.0037257824143070045 0.18177609427609429 
0.008997188378631676 0.005827505827505827 0.00441306266548985 0.17632154882154882 
0.0067478912839737575 0.007209285559801023 0.004208754208754209 0.17344276094276093 
0.035988753514526704 0.005783021050196622 0.0036954915003695496 0.1914141414141414 
0.02211808809746954 0.00704721634954193 0.003756574004507889 0.17579124579124578 
0.058106841611996245 0.005388802069299994 0.003756574004507889 0.20194444444444443 
0.049484536082474224 0.004395990856339019 0.004228329809725159 0.19850168350168348 
0.017994376757263352 0.004454144581533116 0.004662004662004662 0.17436026936026935 
0.07347703842549203 0.0048381634331607715 0.0040766408479412965 0.21753367003367002 
0.029615745079662602 0.005812601720530109 0.0037878787878787876 0.1874242424242424 
0.06485473289597 0.004843318641933453 0.004132231404958677 0.21233164983164982 
0.09409559512652296 0.0047922557147649395 0.004004805766920304 0.234503367003367 
0.024742268041237112 0.005601299501484344 0.003952569169960474 0.17851010101010098 
0.08209934395501406 0.005248792777661138 0.003756574004507889 0.22138888888888889 
0.11358950328022493 0.004729921483303377 0.004004805766920304 0.2503956228956229 
0.0176194939081537 0.006484243288808196 0.0037878787878787876 0.1808080808080808 
0.034489222118088095 0.005070222582771383 0.00404040404040404 0.1949158249158249 
0.048734770384254916 0.00499775101204458 0.0040766408479412965 0.20297979797979795 
0.07647610121836926 0.004946087644673063 0.003969829297340214 0.22499999999999998 
0.07985004686035613 0.0049867850196978 0.0039016777214202106 0.2270875420875421 
0.056232427366447985 0.004940711462450593 0.004132231404958677 0.2071043771043771 
7.497656982193065E-4 0.007451564828614009 0.004113533525298231 0.17193602693602691 
0.020243673851921273 0.00646579593948015 0.003772161448509996 0.1829208754208754 
0.01611996251171509 0.00595734540688669 0.003918495297805642 0.1751094276094276 
0.02099343955014058 0.005699629524080934 0.0039016777214202106 0.17848484848484847 
0.02099343955014058 0.006993006993006993 0.003756574004507889 0.1790824915824916 
0.03936269915651359 0.005597850425436633 0.0037257824143070045 0.19340067340067338 
0.03636363636363636 0.0056151384131618845 0.003772161448509996 0.18734848484848485 
0.08434864104967198 0.00476462740613684 0.004095004095004095 0.22854377104377105 
0.035613870665417054 0.0054016096796845455 0.0037878787878787876 0.18494949494949495 
0.06672914714151827 0.0050170579971904475 0.0038850038850038854 0.21686868686868685 
0.019119025304592314 0.005922416345869114 0.003852080123266564 0.17444444444444443 
0.03786316776007498 0.0045637093829864915 0.004288164665523155 0.19140572390572388 
0.01611996251171509 0.006866245536940401 0.0037257824143070045 0.18127104377104378 
0.028491096532333643 0.005124525981346725 0.003835826620636747 0.1810774410774411 
0.029615745079662602 0.005121638924455826 0.004058441558441558 0.19157407407407406 
0.041237113402061855 0.005019828321871392 0.004132231404958677 0.2000252525252525 
