0.0017349063150589867 0.009081827263645445 0.008912655971479501 0.07202020202020201 
0.0017349063150589867 0.00911826388255676 0.008912655971479501 0.072003367003367 
0.0017349063150589867 0.009000900090009001 0.008658008658008658 0.0721043771043771 
0.0017349063150589867 0.009036688957166094 0.008741258741258742 0.07208754208754209 
0.0034698126301179735 0.00899199712256092 0.008658008658008658 0.07234848484848486 
0.0017349063150589867 0.009145783793671118 0.008912655971479501 0.07198653198653199 
0.0017349063150589867 0.009072763563781528 0.008912655971479501 0.07203703703703702 
0.0034698126301179735 0.00899199712256092 0.008741258741258742 0.07231481481481482 
0.0017349063150589867 0.009164222873900292 0.008912655971479501 0.07196969696969696 
0.0026023594725884803 0.00899199712256092 0.009000900090009001 0.07193602693602694 
0.0026023594725884803 0.00899199712256092 0.00909090909090909 0.07191919191919191 
0.006939625260235947 0.00899199712256092 0.008658008658008658 0.07217171717171716 
0.0026023594725884803 0.009027715085311907 0.009000900090009001 0.0719023569023569 
0.0017349063150589867 0.009072763563781528 0.009000900090009001 0.07188552188552189 
0.0034698126301179735 0.009072763563781528 0.009000900090009001 0.07186868686868687 
0.0034698126301179735 0.009054690329590727 0.009182736455463728 0.07186868686868687 
0.0017349063150589867 0.009109127345600291 0.009000900090009001 0.07186868686868687 
0.0034698126301179735 0.009027715085311907 0.009000900090009001 0.07188552188552189 
0.0026023594725884803 0.009027715085311907 0.00909090909090909 0.07188552188552189 
0.0026023594725884803 0.009054690329590727 0.009276437847866418 0.07186868686868687 
0.0017349063150589867 0.009072763563781528 0.00909090909090909 0.07186868686868687 
0.0026023594725884803 0.00899199712256092 0.009182736455463728 0.0719023569023569 
0.0034698126301179735 0.00899199712256092 0.00909090909090909 0.0719023569023569 
0.005204718945176961 0.00899199712256092 0.008741258741258742 0.07215488215488215 
0.0026023594725884803 0.009109127345600291 0.00909090909090909 0.07185185185185185 
0.0017349063150589867 0.009109127345600291 0.009182736455463728 0.07185185185185185 
0.0017349063150589867 0.009036688957166094 0.00909090909090909 0.07188552188552189 
0.0017349063150589867 0.009036688957166094 0.009000900090009001 0.0719023569023569 
0.0017349063150589867 0.009000900090009001 0.00909090909090909 0.0719023569023569 
0.0017349063150589867 0.009000900090009001 0.009000900090009001 0.07191919191919191 
0.0034698126301179735 0.00899199712256092 0.008912655971479501 0.07228114478114478 
