0.0017471317919748413 0.005876476464711758 0.006020469596628537 0.10715488215488216 
0.002329509055966455 0.005872680291284942 0.006060606060606061 0.10706228956228957 
0.0011647545279832275 0.005880277549100318 0.006020469596628537 0.10664983164983165 
0.0011647545279832275 0.005880277549100318 0.006060606060606061 0.10663299663299664 
0.0017471317919748413 0.0058955311873599816 0.006020469596628537 0.10661616161616161 
0.0011647545279832275 0.005884083553986467 0.006020469596628537 0.10663299663299664 
0.0017471317919748413 0.005880277549100318 0.006142506142506143 0.10661616161616161 
0.0017471317919748413 0.005884083553986467 0.006060606060606061 0.1065993265993266 
0.0017471317919748413 0.005884083553986467 0.0059417706476530005 0.10678451178451179 
0.0011647545279832275 0.005880277549100318 0.005980861244019138 0.1068013468013468 
0.002329509055966455 0.005872680291284942 0.005980861244019138 0.10712962962962963 
0.0011647545279832275 0.005887894488930758 0.0059417706476530005 0.1068013468013468 
0.0011647545279832275 0.005884083553986467 0.005980861244019138 0.10678451178451179 
0.005823772639916138 0.005922416345869114 0.0059031877213695395 0.10678451178451179 
0.002911886319958069 0.005876476464711758 0.006060606060606061 0.10681818181818181 
0.006406149903907751 0.0059031877213695395 0.0059031877213695395 0.10706228956228957 
0.002329509055966455 0.005872680291284942 0.0061012812690665035 0.10671717171717171 
0.0011647545279832275 0.00589935697009026 0.005980861244019138 0.10676767676767676 
0.0017471317919748413 0.005872680291284942 0.006142506142506143 0.1067003367003367 
0.0034942635839496825 0.005872680291284942 0.0059417706476530005 0.10730639730639731 
0.008153281695882593 0.005880277549100318 0.0059031877213695395 0.10692760942760943 
0.005823772639916138 0.005930142916444286 0.0059031877213695395 0.10676767676767676 
0.0017471317919748413 0.005918560606060606 0.005980861244019138 0.10673400673400672 
0.0011647545279832275 0.0059070234508831 0.0059417706476530005 0.10676767676767676 
0.006988527167899365 0.00589935697009026 0.0059031877213695395 0.10676767676767676 
0.0011647545279832275 0.005910864168341411 0.0059417706476530005 0.10675084175084174 
0.006988527167899365 0.0059070234508831 0.0059031877213695395 0.10675084175084174 
0.006988527167899365 0.005887894488930758 0.0059031877213695395 0.10678451178451179 
0.0011647545279832275 0.005926277112717791 0.0059417706476530005 0.10673400673400672 
0.002329509055966455 0.005918560606060606 0.0059031877213695395 0.1071127946127946 
0.005823772639916138 0.005910864168341411 0.0059031877213695395 0.1068013468013468 
0.00465901811193291 0.005872680291284942 0.006020469596628537 0.1070117845117845 
0.007570904431890978 0.005880277549100318 0.0059031877213695395 0.10734006734006733 
0.007570904431890978 0.005884083553986467 0.0059031877213695395 0.10725589225589224 
0.002329509055966455 0.005922416345869114 0.0059031877213695395 0.10707912457912458 
0.0011647545279832275 0.00589935697009026 0.006020469596628537 0.10661616161616161 
0.0011647545279832275 0.005926277112717791 0.0059031877213695395 0.10685185185185185 
0.0034942635839496825 0.005876476464711758 0.005980861244019138 0.1068013468013468 
0.005823772639916138 0.005872680291284942 0.0059417706476530005 0.10681818181818181 
0.005823772639916138 0.005872680291284942 0.005980861244019138 0.1068013468013468 
0.0034942635839496825 0.0059070234508831 0.0059031877213695395 0.10740740740740741 
0.002911886319958069 0.005876476464711758 0.0059417706476530005 0.10694444444444444 
0.0034942635839496825 0.0059031877213695395 0.0059031877213695395 0.10744107744107743 
0.00465901811193291 0.005880277549100318 0.0059417706476530005 0.10678451178451179 
0.002329509055966455 0.005910864168341411 0.0059031877213695395 0.10718013468013468 
0.041931163007396195 0.005872680291284942 0.0059031877213695395 0.11539562289562288 
0.002329509055966455 0.005880277549100318 0.0059417706476530005 0.10696127946127945 
0.0011647545279832275 0.00589935697009026 0.006060606060606061 0.1065993265993266 
0.0017471317919748413 0.00589935697009026 0.0059417706476530005 0.10676767676767676 
0.0017471317919748413 0.00589935697009026 0.006060606060606061 0.10658249158249158 
