0.01050972149238045 0.027464982147761604 0.028409090909090908 0.023451178451178452 
0.007882291119285338 0.026737967914438502 0.029325513196480937 0.0235016835016835 
0.01050972149238045 0.027382256297918947 0.028409090909090908 0.023468013468013468 
0.005254860746190225 0.027800945232137893 0.028409090909090908 0.023451178451178452 
0.005254860746190225 0.02721829069134458 0.027548209366391185 0.023484848484848483 
0.005254860746190225 0.026975991367682764 0.027548209366391185 0.0235016835016835 
0.015764582238570676 0.027056277056277053 0.0303030303030303 0.023468013468013468 
0.015764582238570676 0.0273000273000273 0.0303030303030303 0.023451178451178452 
0.005254860746190225 0.027056277056277053 0.029325513196480937 0.023484848484848483 
0.005254860746190225 0.026737967914438502 0.025974025974025972 0.02351851851851852 
0.005254860746190225 0.0273000273000273 0.026737967914438502 0.023484848484848483 
0.01839201261166579 0.027800945232137893 0.0303030303030303 0.023434343434343433 
0.0210194429847609 0.027464982147761604 0.0303030303030303 0.023434343434343433 
0.005254860746190225 0.0273000273000273 0.029325513196480937 0.023468013468013468 
0.005254860746190225 0.027464982147761604 0.029325513196480937 0.023451178451178452 
0.015764582238570676 0.026737967914438502 0.0303030303030303 0.023484848484848483 
0.005254860746190225 0.027056277056277053 0.025974025974025972 0.0235016835016835 
0.005254860746190225 0.027464982147761604 0.025974025974025972 0.023468013468013468 
0.01050972149238045 0.027800945232137893 0.032467532467532464 0.023434343434343433 
0.005254860746190225 0.028058361391694722 0.026737967914438502 0.023451178451178452 
0.005254860746190225 0.027382256297918947 0.025974025974025972 0.023484848484848483 
0.007882291119285338 0.028058361391694722 0.029325513196480937 0.023434343434343433 
