0.12457417674170061 0.004376942268131483 0.0034698126301179735 0.2973989898989899 
0.11622470108877163 0.004322828859205464 0.0034965034965034965 0.2932828282828283 
0.09852381270456215 0.0044194988288328105 0.0034965034965034965 0.27494949494949494 
6.679580522343196E-4 0.004869260359351414 0.0062266500622665 0.1905387205387205 
0.010687328835749113 0.003923568878251658 0.00441306266548985 0.18888888888888888 
0.1439449602564959 0.004335197468244678 0.003430531732418525 0.31309764309764304 
0.03172800748113019 0.0037705968854869726 0.003772161448509996 0.20487373737373737 
0.014695077149155033 0.003865182436611008 0.004370629370629371 0.19255050505050503 
0.025716385011021307 0.0038069133546520476 0.0039016777214202106 0.2005976430976431 
0.013359161044686393 0.005279273571956499 0.0033545790003354577 0.19688552188552189 
0.08817046289493019 0.00427807486631016 0.0035373187124159884 0.25706228956228955 
0.12958386213345802 0.004347637059258293 0.0034698126301179735 0.3017003367003367 
0.08516465165987576 0.004430267588162324 0.00351000351000351 0.26341750841750844 
0.06378999398837754 0.004135991397137893 0.0036509675063891925 0.23210437710437712 
0.05210072807427693 0.004462891060829205 0.0035790980672870433 0.22538720538720539 
0.04675706365640237 0.004498223201835274 0.003621876131836291 0.22093434343434343 
0.0681317213279006 0.004355969856688592 0.0035650623885918 0.24020202020202022 
0.09651993854785919 0.004228329809725159 0.0035511363636363635 0.2659090909090909 
0.02037272059314675 0.004767125899795013 0.0034698126301179735 0.20276094276094275 
0.09284616926057043 0.004195158786760078 0.0035650623885918 0.2643771043771044 
0.06545988911896332 0.0045682960255824575 0.00351000351000351 0.2441835016835017 
0.05610847638768285 0.00449599856128046 0.0035511363636363635 0.23596801346801344 
0.022042615723732548 0.004812551133355792 0.0034176349965823645 0.2024326599326599 
0.030726070402778704 0.0047030052203357944 0.003379520108144643 0.20685185185185184 
0.11488878498430297 0.004080300310102824 0.0035932446999640674 0.2834680134680135 
0.1072072673836083 0.004095004095004095 0.003607503607503607 0.2780555555555555 
0.024714447932669827 0.004787208578677773 0.003367003367003367 0.20310606060606062 
0.051766749048159776 0.004395990856339019 0.003621876131836291 0.22860269360269359 
0.01703293033197515 0.005008765339343852 0.0033422459893048127 0.1948148148148148 
0.011355286887983434 0.003937162880428363 0.003952569169960474 0.1927946127946128 
0.0340658606639503 0.004347637059258293 0.0037411148522259637 0.2067087542087542 
0.07347538574577515 0.00431667098333765 0.0035650623885918 0.24425084175084175 
0.024046489880435507 0.004769627015167414 0.003443526170798898 0.20548821548821547 
0.08282679847705564 0.004170141784820684 0.0035932446999640674 0.2563047138047138 
0.013693140070803553 0.004739785761683571 0.0036363636363636364 0.20084175084175082 
0.05577449736156569 0.004137873960359167 0.0036805299963194697 0.23385521885521882 
0.09217821120833612 0.004458513531588568 0.003483106931382793 0.26832491582491586 
0.08549863068599291 0.004288164665523155 0.0035511363636363635 0.25455387205387203 
0.06345601496226037 0.004083966348117292 0.0036805299963194697 0.24061447811447811 
0.08382873555540712 0.0044893378226711555 0.0034965034965034965 0.2609259259259259 
0.06946763743236925 0.004545454545454545 0.00351000351000351 0.24781986531986533 
0.05377062320486273 0.004173971116119876 0.003665689149560117 0.22334175084175084 
0.014027119096920712 0.005107252298263534 0.0033422459893048127 0.19634680134680133 
0.06980161645848641 0.004270037149323199 0.003607503607503607 0.24339225589225585 
0.07848507113753256 0.004545454545454545 0.0034698126301179735 0.25654040404040407 
0.05777837151826866 0.004449784185467005 0.0035650623885918 0.23324074074074072 
0.01703293033197515 0.004802381981462806 0.0034965034965034965 0.2017087542087542 
0.05777837151826866 0.004195158786760078 0.0036509675063891925 0.22653198653198653 
0.01836884643644379 0.004688452341881945 0.0035790980672870433 0.20537878787878786 
0.032395965533364504 0.004572891896835559 0.003607503607503607 0.2120875420875421 
