0.004451963315822278 0.008536064874093042 0.012285012285012286 0.06892255892255893 
0.004451963315822278 0.008568246080027417 0.01095290251916758 0.06897306397306396 
0.001780785326328911 0.008592541673827118 0.010101010101010102 0.0689057239057239 
0.0026711779894933664 0.00857632933104631 0.010214504596527068 0.06898989898989899 
0.0026711779894933664 0.008568246080027417 0.010822510822510822 0.06898989898989899 
0.0026711779894933664 0.008544087491455911 0.010214504596527068 0.069006734006734 
0.0026711779894933664 0.00857632933104631 0.012626262626262624 0.06888888888888889 
0.001780785326328911 0.008649770781074302 0.011086474501108648 0.06883838383838384 
0.001780785326328911 0.008658008658008658 0.011363636363636364 0.0688047138047138 
0.004451963315822278 0.008568246080027417 0.009469696969696968 0.06902356902356901 
0.0026711779894933664 0.008544087491455911 0.009569377990430622 0.06902356902356901 
0.001780785326328911 0.0086333419666753 0.01150747986191024 0.0688047138047138 
0.0026711779894933664 0.008666262241095415 0.009469696969696968 0.06898989898989899 
0.0026711779894933664 0.008544087491455911 0.011086474501108648 0.06898989898989899 
0.003561570652657822 0.00857632933104631 0.009469696969696968 0.06918350168350168 
0.003561570652657822 0.008568246080027417 0.009469696969696968 0.06935185185185186 
0.001780785326328911 0.00857632933104631 0.0106951871657754 0.06898989898989899 
0.001780785326328911 0.008641548565502937 0.009469696969696968 0.069006734006734 
0.001780785326328911 0.008568246080027417 0.009569377990430622 0.069006734006734 
0.0026711779894933664 0.008616975441619991 0.009469696969696968 0.069006734006734 
0.001780785326328911 0.008674531575294934 0.009469696969696968 0.06898989898989899 
0.0026711779894933664 0.008600670852326481 0.009469696969696968 0.06902356902356901 
0.001780785326328911 0.008682816705739341 0.00999000999000999 0.06882154882154883 
0.0026711779894933664 0.008544087491455911 0.011806375442739079 0.0689057239057239 
0.004451963315822278 0.008552125203112973 0.009469696969696968 0.06904040404040403 
0.004451963315822278 0.008536064874093042 0.011655011655011654 0.06893939393939394 
0.004451963315822278 0.008536064874093042 0.009881422924901186 0.06905723905723905 
0.004451963315822278 0.008544087491455911 0.010214504596527068 0.06898989898989899 
0.004451963315822278 0.008536064874093042 0.009569377990430622 0.06913299663299663 
0.004451963315822278 0.00857632933104631 0.010214504596527068 0.06897306397306396 
0.004451963315822278 0.00857632933104631 0.01150747986191024 0.06892255892255893 
0.004451963315822278 0.008544087491455911 0.012626262626262624 0.06888888888888889 
0.001780785326328911 0.00857632933104631 0.011086474501108648 0.06893939393939394 
0.001780785326328911 0.008600670852326481 0.009569377990430622 0.06898989898989899 
0.005342355978986733 0.008536064874093042 0.009469696969696968 0.06904040404040403 
0.003561570652657822 0.008584427847883937 0.009469696969696968 0.06904040404040403 
0.001780785326328911 0.008568246080027417 0.011363636363636364 0.06898989898989899 
0.001780785326328911 0.008608815426997245 0.009469696969696968 0.06902356902356901 
0.004451963315822278 0.008536064874093042 0.01095290251916758 0.06898989898989899 
0.001780785326328911 0.008625150940141452 0.01122334455667789 0.06883838383838384 
0.0026711779894933664 0.008544087491455911 0.01150747986191024 0.06893939393939394 
0.001780785326328911 0.008568246080027417 0.011961722488038276 0.06892255892255893 
0.001780785326328911 0.008600670852326481 0.01095290251916758 0.06888888888888889 
0.001780785326328911 0.008592541673827118 0.01122334455667789 0.06887205387205388 
0.003561570652657822 0.008536064874093042 0.01044932079414838 0.06929292929292928 
0.001780785326328911 0.008600670852326481 0.01150747986191024 0.06882154882154883 
0.004451963315822278 0.008536064874093042 0.011363636363636364 0.06897306397306396 
0.001780785326328911 0.008649770781074302 0.00999000999000999 0.06885521885521886 
0.001780785326328911 0.008616975441619991 0.00999000999000999 0.06887205387205388 
0.004451963315822278 0.008544087491455911 0.009469696969696968 0.0693013468013468 
