0.006796941376380629 0.017250301880282905 0.017825311942959002 0.03663299663299663 
0.0033984706881903144 0.01734906315058987 0.01715265866209262 0.036515151515151514 
0.0033984706881903144 0.017482517482517484 0.01934235976789168 0.03641414141414141 
0.0033984706881903144 0.017250301880282905 0.018552875695732836 0.036447811447811444 
0.006796941376380629 0.017250301880282905 0.01715265866209262 0.036792929292929294 
0.005097706032285471 0.017250301880282905 0.01818181818181818 0.036447811447811444 
0.0033984706881903144 0.01755001755001755 0.019762845849802372 0.03639730639730639 
0.0033984706881903144 0.017686593562079942 0.01934235976789168 0.03639730639730639 
0.0033984706881903144 0.01751620248730075 0.017482517482517484 0.03641414141414141 
0.006796941376380629 0.017283097131005874 0.017482517482517484 0.03665824915824916 
0.0033984706881903144 0.01738223535546671 0.017482517482517484 0.03643097643097643 
0.006796941376380629 0.017250301880282905 0.017482517482517484 0.03667508417508417 
