0.04599275858694589 0.006150818058801821 0.004662004662004662 0.15254208754208753 
0.06947842254623739 0.005688929343497554 0.004734848484848484 0.16494107744107742 
0.011253547313827184 0.005420935653493793 0.005980861244019138 0.12823232323232323 
9.785693316371464E-4 0.006704210244033252 0.0053792361484669175 0.12937710437710437 
0.0068499853214600255 0.005622083544161467 0.0062266500622665 0.1284006734006734 
0.01957138663274293 0.005285412262156448 0.0059031877213695395 0.13084175084175084 
0.10911048047754184 0.005601299501484344 0.004662004662004662 0.1862037037037037 
0.02544280262256581 0.007163836951070993 0.004638218923933209 0.1368013468013468 
0.06116058322732165 0.005790387955993051 0.00475963826749167 0.15441077441077442 
0.05528916723749877 0.0056641178136505235 0.00475963826749167 0.15872053872053873 
0.12036402779136902 0.005519677650825191 0.004734848484848484 0.19734006734006734 
0.08709267051570604 0.0057211510956004345 0.0046146746654360865 0.17184343434343433 
0.09638907916625893 0.005653550429669833 0.004638218923933209 0.1801851851851852 
0.05626773656913592 0.005846243788365975 0.004734848484848484 0.15450336700336698 
0.028867795283295822 0.006402048655569782 0.004638218923933209 0.14275252525252524 
0.03963205793130443 0.006196938712276136 0.0046146746654360865 0.14713804713804715 
0.023974948625110088 0.007409053863821589 0.004591368227731864 0.1339057239057239 
0.03816420393384871 0.006243756243756243 0.004710315591144607 0.1424326599326599 
0.01810353263528721 0.0077106947335954966 0.004662004662004662 0.1330387205387205 
0.09002837851061747 0.005717552887364208 0.0046146746654360865 0.17407407407407408 
0.06458557588805167 0.005597850425436633 0.004810004810004809 0.16732323232323232 
0.01810353263528721 0.007396996819291368 0.004710315591144607 0.13053030303030302 
0.06605342988550739 0.005827505827505827 0.004710315591144607 0.16385521885521884 
0.01859281730110578 0.007186489399928135 0.004662004662004662 0.13552188552188552 
0.07192484587533025 0.005746465923457073 0.004686035613870665 0.167003367003367 
0.05675702123495449 0.005622083544161467 0.004810004810004809 0.16126262626262627 
0.01663567863783149 0.005499642523235989 0.004995004995004995 0.13525252525252526 
0.01810353263528721 0.008674531575294934 0.004591368227731864 0.13622053872053871 
0.049417751247675896 0.006125949522175937 0.0046146746654360865 0.1537962962962963 
0.05920344456404736 0.00613421666053245 0.004591368227731864 0.15854377104377101 
0.07779626186515315 0.005861321141785358 0.004638218923933209 0.1692845117845118 
0.03620706527057442 0.006032454605779091 0.004784688995215311 0.13973905723905725 
0.06409629122223309 0.006000600060006 0.004662004662004662 0.1581902356902357 
0.032782072609844407 0.006326311127981274 0.004734848484848484 0.14062289562289562 
0.019082101966924354 0.006764069264069263 0.004686035613870665 0.13786195286195285 
0.08953909384479891 0.005685371539030076 0.004638218923933209 0.17955387205387205 
0.04403561992367159 0.006163328197226502 0.004662004662004662 0.1463047138047138 
0.022996379293472945 0.0052397170552790145 0.005078720162519045 0.13615319865319866 
0.02152852529601722 0.008182636445462728 0.004591368227731864 0.1354040404040404 
0.09932478716117037 0.005604752830400179 0.004734848484848484 0.18014309764309766 
0.026421371954202952 0.005159426271798576 0.005078720162519045 0.13805555555555554 
0.020060671298561504 0.006248047485160887 0.00483558994197292 0.1334090909090909 
0.062139152558958806 0.005838734162433584 0.004686035613870665 0.16121212121212122 
0.028378510617477246 0.00537605505080372 0.004887585532746823 0.142003367003367 
0.03473921127311869 0.005750100626760968 0.004810004810004809 0.14687710437710438 
0.03424992660730013 0.005303914288745094 0.0048614487117160906 0.14367003367003367 
0.07486055387024171 0.005533115697449233 0.004810004810004809 0.17157407407407407 
0.02593208728838438 0.005918560606060606 0.00483558994197292 0.13521043771043773 
0.022017809961835794 0.005922416345869114 0.004940711462450593 0.13293771043771044 
0.04354633525785302 0.005918560606060606 0.004734848484848484 0.14501683501683502 
