0.0027437351381013352 0.008817564588660612 0.009276437847866418 0.06732323232323233 
0.0018291567587342236 0.0088261253309797 0.008340283569641367 0.06732323232323233 
0.0036583135174684473 0.0088261253309797 0.008264462809917354 0.06744949494949494 
0.0054874702762026705 0.008809020436927413 0.008417508417508417 0.06734006734006734 
0.0018291567587342236 0.008895214374666428 0.008264462809917354 0.06723905723905724 
0.0018291567587342236 0.0088261253309797 0.008658008658008658 0.06728956228956229 
0.0027437351381013352 0.008817564588660612 0.009569377990430622 0.06727272727272726 
0.004572891896835559 0.008809020436927413 0.009469696969696968 0.06734006734006734 
0.0027437351381013352 0.008809020436927413 0.008658008658008658 0.0675084175084175 
0.006402048655569782 0.008809020436927413 0.008340283569641367 0.06735690235690237 
0.0027437351381013352 0.008817564588660612 0.008417508417508417 0.06734006734006734 
0.0054874702762026705 0.008817564588660612 0.008340283569641367 0.06728956228956229 
0.0018291567587342236 0.008860535176324649 0.010101010101010102 0.06705387205387205 
0.0018291567587342236 0.008851907586084801 0.009000900090009001 0.06718855218855219 
0.0018291567587342236 0.008851907586084801 0.008264462809917354 0.06735690235690237 
0.0027437351381013352 0.0088261253309797 0.00937207122774133 0.0672053872053872 
0.004572891896835559 0.008809020436927413 0.009182736455463728 0.06739057239057239 
0.0036583135174684473 0.0088261253309797 0.01044932079414838 0.06705387205387205 
0.0027437351381013352 0.008809020436927413 0.009881422924901186 0.0673063973063973 
0.0036583135174684473 0.0088261253309797 0.00967117988394584 0.06717171717171717 
0.0036583135174684473 0.008843296781039971 0.008496176720475784 0.06722222222222221 
0.0036583135174684473 0.008809020436927413 0.008264462809917354 0.06746632996632997 
0.0018291567587342236 0.008860535176324649 0.008340283569641367 0.0672053872053872 
0.0018291567587342236 0.008895214374666428 0.00999000999000999 0.06707070707070707 
0.0027437351381013352 0.008809020436927413 0.010214504596527068 0.06725589225589225 
0.0018291567587342236 0.0088261253309797 0.00999000999000999 0.06713804713804714 
0.0018291567587342236 0.0088261253309797 0.00967117988394584 0.06718855218855219 
0.0018291567587342236 0.008851907586084801 0.0106951871657754 0.06702020202020201 
0.0054874702762026705 0.008834702712253733 0.008340283569641367 0.06723905723905724 
0.0036583135174684473 0.008800492827598344 0.008417508417508417 0.06743265993265993 
0.0018291567587342236 0.0088261253309797 0.009000900090009001 0.06725589225589225 
0.0027437351381013352 0.0088261253309797 0.008741258741258742 0.06727272727272726 
0.0027437351381013352 0.008860535176324649 0.00967117988394584 0.06712121212121212 
0.0018291567587342236 0.008860535176324649 0.009276437847866418 0.06715488215488215 
0.0018291567587342236 0.008895214374666428 0.009182736455463728 0.06717171717171717 
0.0036583135174684473 0.008800492827598344 0.010214504596527068 0.06725589225589225 
0.004572891896835559 0.0088261253309797 0.010330578512396695 0.06707070707070707 
0.0018291567587342236 0.008851907586084801 0.009569377990430622 0.06713804713804714 
0.0018291567587342236 0.0088261253309797 0.010330578512396695 0.06708754208754208 
0.0027437351381013352 0.008851907586084801 0.010570824524312896 0.06703703703703703 
0.0018291567587342236 0.008851907586084801 0.010330578512396695 0.06705387205387205 
0.0018291567587342236 0.008886519150448769 0.010570824524312896 0.06703703703703703 
0.0036583135174684473 0.008800492827598344 0.009881422924901186 0.0673063973063973 
0.0027437351381013352 0.008809020436927413 0.010570824524312896 0.0672053872053872 
0.0018291567587342236 0.008834702712253733 0.008417508417508417 0.06727272727272726 
0.004572891896835559 0.008843296781039971 0.008264462809917354 0.06725589225589225 
0.0073166270349368945 0.008809020436927413 0.008417508417508417 0.06728956228956229 
0.0036583135174684473 0.008869179600886918 0.008264462809917354 0.06725589225589225 
0.0036583135174684473 0.008817564588660612 0.008340283569641367 0.0673063973063973 
0.009145783793671118 0.008800492827598344 0.008340283569641367 0.06728956228956229 
