0.030923850019327404 0.005529750055297501 0.0035650623885918 0.19947811447811445 
0.060442070492321746 0.00452509163310557 0.0036805299963194697 0.22813973063973061 
7.02814773166532E-4 0.012285012285012286 0.003935458480913027 0.18649831649831647 
0.003162666479249394 0.004570592805886924 0.004967709885742673 0.1798989898989899 
0.01229925853041431 0.004308487720809996 0.004662004662004662 0.18218855218855218 
0.026355553993744948 0.003975036769090113 0.0038037276531000374 0.19398989898989896 
0.11526162279931125 0.00431462225482159 0.003607503607503607 0.2776346801346801 
0.08960888357873283 0.004374835943652113 0.0036509675063891925 0.2485016835016835 
0.09874547562989773 0.004228329809725159 0.0037257824143070045 0.2539814814814815 
0.028463998313244542 0.005805178218971322 0.0034566194262011752 0.19872895622895623 
0.02284148012791229 0.005922416345869114 0.0034698126301179735 0.1958164983164983 
0.059387848332571956 0.005061753391374772 0.0035511363636363635 0.22217171717171716 
0.022490072741329022 0.005820044232336165 0.00351000351000351 0.19612794612794612 
0.013704888076747372 0.0066163821622336905 0.0035511363636363635 0.1853198653198653 
0.04779140457532417 0.004787208578677773 0.0036509675063891925 0.2079124579124579 
0.02459851706082862 0.005772005772005772 0.003483106931382793 0.19763468013468014 
0.11666725234564429 0.00427807486631016 0.0036363636363636364 0.2740319865319865 
0.09523140176406507 0.004376942268131483 0.003621876131836291 0.25651515151515153 
0.04146607161682538 0.005353892279687333 0.00351000351000351 0.20972222222222223 
0.02354429490107882 0.005101520253035404 0.003665689149560117 0.19327441077441077 
0.09242014267139895 0.0043517994690804645 0.0036363636363636364 0.2582912457912458 
0.04392592332290825 0.0047922557147649395 0.0036509675063891925 0.20781986531986532 
0.017921776715746567 0.006024459304777395 0.003523608174770965 0.18957070707070706 
0.1012053273359806 0.0042922139239419685 0.003665689149560117 0.26377104377104377 
0.07028147731665318 0.0044324276406187664 0.0036805299963194697 0.23796296296296293 
0.015110517623080437 0.004089477773688299 0.0041893590280687055 0.18594276094276094 
0.03514073865832659 0.00490869821323385 0.003665689149560117 0.20035353535353534 
0.03760059036440946 0.004619364375461936 0.0037105751391465678 0.21295454545454545 
0.04252029377657518 0.004903402961655389 0.0035790980672870433 0.20688552188552187 
0.09839406824331448 0.004320774282751468 0.003665689149560117 0.26056397306397305 
0.01405629546333064 0.006036460219727152 0.0034965034965034965 0.1885774410774411 
0.010893628984081244 0.00925754489909276 0.003483106931382793 0.1902946127946128 
0.04357451593632498 0.0047200981780421035 0.003665689149560117 0.2139141414141414 
0.009136592051164915 0.00666000666000666 0.003523608174770965 0.18737373737373736 
0.021435850581579225 0.00502815768302494 0.0037411148522259637 0.18848484848484848 
0.03689777559124293 0.004744733345985955 0.0036805299963194697 0.21062289562289563 
0.06465895913132094 0.0046500813764240876 0.0036363636363636364 0.22156565656565658 
0.0734441437959026 0.004337265787647467 0.0037411148522259637 0.23198653198653196 
0.032680886952243735 0.004921986513756952 0.0037257824143070045 0.19710437710437712 
0.027058368766911478 0.004975867044832562 0.0036805299963194697 0.19245791245791244 
0.06641599606423727 0.004430267588162324 0.0037257824143070045 0.23583333333333334 
0.08890606880556629 0.00434348260435217 0.0036954915003695496 0.25510101010101005 
0.06184770003865481 0.004681209624566988 0.003621876131836291 0.21965488215488216 
0.052711107987489896 0.004577497024626934 0.0036805299963194697 0.22442760942760942 
0.02811259092666128 0.005573825316314587 0.0035650623885918 0.19661616161616163 
0.02354429490107882 0.005539859287574096 0.0035650623885918 0.19855218855218854 
0.043223108549741714 0.0045637093829864915 0.0037411148522259637 0.2150757575757576 
0.02424710967424535 0.0047200981780421035 0.0037411148522259637 0.19973063973063973 
0.050954071054573565 0.004518344478583047 0.0037105751391465678 0.218013468013468 
0.026355553993744948 0.005516328331862312 0.0035790980672870433 0.20045454545454544 
