0.0019342359767891683 0.010607828577490187 0.010570824524312896 0.06508417508417509 
0.0019342359767891683 0.010682619378271552 0.010570824524312896 0.06505050505050504 
0.0019342359767891683 0.010682619378271552 0.01044932079414838 0.06506734006734007 
0.0019342359767891683 0.010632642211589579 0.010570824524312896 0.06506734006734007 
0.0019342359767891683 0.010595465140919687 0.010214504596527068 0.0651010101010101 
0.0019342359767891683 0.010632642211589579 0.01044932079414838 0.06508417508417509 
0.0019342359767891683 0.010682619378271552 0.010330578512396695 0.06508417508417509 
0.0019342359767891683 0.010595465140919687 0.010101010101010102 0.06511784511784512 
0.0019342359767891683 0.010485477613505295 0.010822510822510822 0.06511784511784512 
0.0019342359767891683 0.010534077741493732 0.010214504596527068 0.06511784511784512 
0.0019342359767891683 0.010534077741493732 0.0106951871657754 0.0651010101010101 
0.0019342359767891683 0.010485477613505295 0.00909090909090909 0.0652020202020202 
0.0019342359767891683 0.010570824524312896 0.01095290251916758 0.06508417508417509 
0.006769825918762089 0.01054629824931449 0.009000900090009001 0.06565656565656565 
0.0038684719535783366 0.010485477613505295 0.00909090909090909 0.06515151515151515 
0.006769825918762089 0.010534077741493732 0.009000900090009001 0.06569023569023569 
0.031914893617021274 0.010485477613505295 0.009000900090009001 0.06796296296296296 
0.005802707930367504 0.010645092612305727 0.009000900090009001 0.06528619528619528 
0.00483558994197292 0.010558547143912998 0.009000900090009001 0.06547979797979797 
0.002901353965183752 0.010485477613505295 0.00909090909090909 0.06516835016835017 
0.0019342359767891683 0.010485477613505295 0.009182736455463728 0.06513468013468013 
0.00483558994197292 0.010595465140919687 0.009000900090009001 0.06546296296296296 
0.00483558994197292 0.010620220900594732 0.009000900090009001 0.06544612794612795 
0.0019342359767891683 0.010632642211589579 0.009000900090009001 0.06535353535353536 
0.0019342359767891683 0.010670081092616303 0.009000900090009001 0.06533670033670035 
0.005802707930367504 0.0106951871657754 0.009000900090009001 0.06526936026936027 
0.005802707930367504 0.010607828577490187 0.009000900090009001 0.0653030303030303 
0.028046421663442938 0.010497585555322276 0.009000900090009001 0.06727272727272726 
