0.0030162273028895457 0.006052536012589274 0.005827505827505827 0.10296296296296295 
0.0018097363817337277 0.006068697657482704 0.0059417706476530005 0.10284511784511785 
0.0024129818423116365 0.006060606060606061 0.0059417706476530005 0.10284511784511785 
0.0012064909211558182 0.006068697657482704 0.005980861244019138 0.10284511784511785 
0.0024129818423116365 0.006068697657482704 0.0059417706476530005 0.10282828282828282 
0.0012064909211558182 0.006072751563733528 0.0059417706476530005 0.10282828282828282 
0.0024129818423116365 0.006072751563733528 0.0059031877213695395 0.10281144781144781 
0.0018097363817337277 0.006060606060606061 0.0059417706476530005 0.10286195286195286 
0.0018097363817337277 0.006072751563733528 0.0059031877213695395 0.10282828282828282 
0.0036194727634674554 0.006052536012589274 0.005790387955993051 0.10324074074074073 
0.0024129818423116365 0.006072751563733528 0.005865102639296188 0.10284511784511785 
0.0030162273028895457 0.006060606060606061 0.005865102639296188 0.10286195286195286 
0.0030162273028895457 0.006052536012589274 0.005865102639296188 0.10287878787878788 
0.0018097363817337277 0.006068697657482704 0.005790387955993051 0.10311447811447812 
0.0036194727634674554 0.006064649160046091 0.005865102639296188 0.10284511784511785 
0.0024129818423116365 0.006056568348373812 0.006184291898577612 0.10304713804713805 
0.0018097363817337277 0.006089021494245874 0.005827505827505827 0.1027946127946128 
0.0012064909211558182 0.006089021494245874 0.005827505827505827 0.10281144781144781 
0.0018097363817337277 0.006084945843981988 0.005865102639296188 0.10281144781144781 
0.0018097363817337277 0.006076810889645114 0.005865102639296188 0.10282828282828282 
0.0012064909211558182 0.006084945843981988 0.005827505827505827 0.10282828282828282 
0.0012064909211558182 0.006076810889645114 0.005865102639296188 0.10284511784511785 
0.0024129818423116365 0.006060606060606061 0.005790387955993051 0.10287878787878788 
0.0030162273028895457 0.006052536012589274 0.005790387955993051 0.10337542087542087 
0.0018097363817337277 0.006060606060606061 0.005790387955993051 0.1032070707070707 
0.0012064909211558182 0.006068697657482704 0.0059031877213695395 0.10286195286195286 
0.0012064909211558182 0.006072751563733528 0.0059031877213695395 0.10284511784511785 
0.0018097363817337277 0.006064649160046091 0.005790387955993051 0.10319023569023568 
0.0018097363817337277 0.006064649160046091 0.005827505827505827 0.10286195286195286 
0.0018097363817337277 0.006060606060606061 0.005827505827505827 0.10287878787878788 
0.0012064909211558182 0.006076810889645114 0.005790387955993051 0.10287878787878788 
0.0024129818423116365 0.006052536012589274 0.005827505827505827 0.1032070707070707 
0.0024129818423116365 0.006056568348373812 0.005827505827505827 0.10319023569023568 
0.0012064909211558182 0.006080875646093037 0.005790387955993051 0.10286195286195286 
0.0024129818423116365 0.006056568348373812 0.005865102639296188 0.10315656565656565 
0.0024129818423116365 0.006052536012589274 0.005865102639296188 0.10317340067340067 
0.0024129818423116365 0.006056568348373812 0.0059031877213695395 0.10313973063973064 
0.0024129818423116365 0.006052536012589274 0.0059417706476530005 0.10312289562289562 
0.0024129818423116365 0.006052536012589274 0.0059031877213695395 0.10315656565656565 
0.0024129818423116365 0.006056568348373812 0.0059417706476530005 0.1031060606060606 
0.0024129818423116365 0.006052536012589274 0.005980861244019138 0.1031060606060606 
0.0024129818423116365 0.006052536012589274 0.006020469596628537 0.10308922558922559 
