0.05541204899591701 0.005328786102525845 0.004638218923933209 0.19212121212121214 
0.003333055578701775 0.005130309870716191 0.004887585532746823 0.15132996632996631 
0.15248729272560618 0.0050645733096986575 0.0045682960255824575 0.2609848484848485 
8.332638946754438E-4 0.005147740142077628 0.004940711462450593 0.1513973063973064 
0.11415715357053578 0.005203725867721288 0.004456327985739751 0.23377946127946125 
0.021248229314223814 0.004919323101141283 0.005254860746190225 0.1592003367003367 
0.02458128489292559 0.004772130756382725 0.005050505050505051 0.16332491582491582 
0.02083159736688609 0.004797313504437514 0.0053792361484669175 0.1599242424242424 
0.009582534788767602 0.006321911746112024 0.004734848484848484 0.15346801346801345 
0.01624864594617115 0.008938946992044337 0.004308487720809996 0.1568013468013468 
0.05957836846929422 0.006068697657482704 0.004329004329004329 0.18706228956228957 
0.05666194483793017 0.006125949522175937 0.004308487720809996 0.1825925925925926 
0.09415882009832514 0.005200748907842729 0.004591368227731864 0.21565656565656566 
0.0399966669444213 0.006379585326953748 0.004288164665523155 0.17615319865319864 
0.03749687526039497 0.005922416345869114 0.004391743522178304 0.1714057239057239 
0.014165486209482542 0.006239470892868285 0.004500450045004501 0.15804713804713802 
0.08832597283559704 0.00529464711177 0.0045228403437358655 0.20611952861952862 
0.02083159736688609 0.0077501356273734796 0.004329004329004329 0.1618181818181818 
0.07666027831014081 0.005242738806752648 0.004591368227731864 0.20739057239057238 
0.015415382051495707 0.008030838419530999 0.004329004329004329 0.1606060606060606 
0.037913507207732684 0.0055129830751419594 0.004638218923933209 0.17898148148148146 
0.01749854178818432 0.006024459304777395 0.004545454545454545 0.15576599326599327 
0.01624864594617115 0.006008532115604158 0.004591368227731864 0.15854377104377101 
0.08040996583618032 0.005335040546308152 0.0045228403437358655 0.20360269360269362 
0.11082409799183401 0.005115874558755819 0.004591368227731864 0.22587542087542087 
0.027497708524289642 0.006664889362836577 0.004391743522178304 0.16199494949494947 
0.02083159736688609 0.00710782571611344 0.004329004329004329 0.16716329966329968 
0.029164236313640533 0.006799483239273815 0.004308487720809996 0.1646969696969697 
0.007082743104741271 0.007912018355882585 0.004391743522178304 0.15842592592592591 
0.05874510457461878 0.005622083544161467 0.004456327985739751 0.18194444444444444 
0.009999166736105325 0.008895214374666428 0.004391743522178304 0.15666666666666668 
0.016665277893508874 0.007803355442840421 0.004391743522178304 0.15835016835016835 
0.01624864594617115 0.0056570685070996204 0.004686035613870665 0.1627946127946128 
0.03374718773435547 0.006000600060006 0.004434589800443459 0.1680050505050505 
0.037913507207732684 0.005865102639296188 0.0044782803403493054 0.16842592592592592 
0.03874677110240813 0.006188501763723002 0.004349717268377555 0.17734848484848484 
0.011665694525456212 0.007870916961826053 0.004391743522178304 0.15648148148148147 
0.11999000083326387 0.005130309870716191 0.004545454545454545 0.23613636363636362 
0.08540954920423298 0.005233683990160674 0.0046146746654360865 0.2100252525252525 
0.07082743104741271 0.0055129830751419594 0.004391743522178304 0.19033670033670033 
0.045829514207149404 0.005440400413470431 0.004638218923933209 0.18433501683501682 
0.0495792017331889 0.005735589331803842 0.004349717268377555 0.17699494949494948 
0.0266644446296142 0.005922416345869114 0.004545454545454545 0.15895622895622893 
0.028747604366302807 0.004898119122257054 0.004710315591144607 0.16260942760942762 
0.04249645862844763 0.005674724775848371 0.0045682960255824575 0.1696969696969697 
0.03583034747104408 0.005790387955993051 0.004591368227731864 0.1646885521885522 
0.008332638946754437 0.00509580105992662 0.00483558994197292 0.15322390572390573 
0.09457545204566285 0.005257899994742099 0.004391743522178304 0.2084090909090909 
0.1124906257811849 0.00518000518000518 0.0045228403437358655 0.22837542087542087 
0.05041246562786435 0.004698144233027954 0.004784688995215311 0.17815656565656565 
