0.0014083515245405253 0.006855889208830385 0.007770007770007771 0.08754208754208755 
0.0014083515245405253 0.006855889208830385 0.007836990595611285 0.08752525252525252 
0.0014083515245405253 0.0068507227512502565 0.007770007770007771 0.08755892255892256 
0.0014083515245405253 0.0068507227512502565 0.007836990595611285 0.08754208754208755 
0.0014083515245405253 0.0068507227512502565 0.007639419404125286 0.08757575757575758 
0.0014083515245405253 0.0068507227512502565 0.007513148009015778 0.0875925925925926 
0.0014083515245405253 0.006855889208830385 0.007639419404125286 0.08755892255892256 
0.0014083515245405253 0.006855889208830385 0.007575757575757575 0.08757575757575758 
0.0014083515245405253 0.0068507227512502565 0.008045052292839904 0.08752525252525252 
0.0014083515245405253 0.00686106346483705 0.007158196134574087 0.08744107744107743 
0.0028167030490810507 0.0068507227512502565 0.007158196134574087 0.0878030303030303 
0.019716921343567353 0.006855889208830385 0.007215007215007214 0.08772727272727272 
0.019716921343567353 0.006855889208830385 0.007102272727272727 0.08774410774410774 
0.0014083515245405253 0.00686106346483705 0.007102272727272727 0.0875084175084175 
0.0014083515245405253 0.006871435442864014 0.007102272727272727 0.08749158249158248 
0.0028167030490810507 0.0068507227512502565 0.007102272727272727 0.08787037037037038 
