0.07485612911600537 0.0058014735742878696 0.0045228403437358655 0.1888047138047138 
0.032452079096534116 0.0048614487117160906 0.005136106831022085 0.15798821548821548 
8.653887759075764E-4 0.005233683990160674 0.006635700066357 0.14624579124579123 
8.653887759075764E-4 0.006278252134605726 0.0053475935828877 0.1471043771043771 
0.025961663277227293 0.004869260359351414 0.005254860746190225 0.1553030303030303 
0.12331790056682965 0.005414478315014348 0.0046146746654360865 0.23221380471380473 
0.13802950975725845 0.005319431884674717 0.004662004662004662 0.24195286195286192 
0.1406256760849812 0.005357047195585793 0.004591368227731864 0.24682659932659934 
0.01168274847475228 0.007620208793720948 0.0045228403437358655 0.15185185185185185 
0.04370213318333261 0.006540222367560497 0.004370629370629371 0.17189393939393938 
0.08264462809917356 0.005604752830400179 0.004638218923933209 0.20156565656565656 
0.12201981740296829 0.005313213963126295 0.004734848484848484 0.22710437710437711 
0.11855826229933797 0.005344449788894233 0.004710315591144607 0.22484848484848483 
0.028990523992903815 0.006960879855213699 0.00441306266548985 0.1594191919191919 
0.11855826229933797 0.005479752315195353 0.004545454545454545 0.22705387205387206 
0.016442386742243954 0.007427213309566251 0.004500450045004501 0.15285353535353535 
0.06706763013283717 0.005703205201323143 0.004662004662004662 0.1869949494949495 
0.10341395872095539 0.005427408412483039 0.004686035613870665 0.21373737373737373 
0.12677945567045995 0.005310110450297366 0.004734848484848484 0.22952861952861953 
0.06014451992557656 0.005499642523235989 0.004784688995215311 0.183013468013468 
0.01903855306996668 0.007390983000739099 0.004456327985739751 0.15353535353535352 
0.009086582147029553 0.007730364873222016 0.004500450045004501 0.15226430976430977 
0.09908701484141749 0.0057211510956004345 0.004500450045004501 0.2065824915824916 
0.01730777551815153 0.00748839299086416 0.00441306266548985 0.1519191919191919 
0.10557743066072434 0.005325664376630985 0.004784688995215311 0.21395622895622893 
0.025528968889273505 0.007278550112817526 0.004434589800443459 0.15634680134680135 
0.013413526026567434 0.007296074711805048 0.004456327985739751 0.15436026936026936 
0.07918307299554325 0.005783021050196622 0.0045228403437358655 0.19218013468013467 
0.02682705205313487 0.005992688919518188 0.004734848484848484 0.16533670033670034 
0.09476007096187962 0.005492996429552321 0.004686035613870665 0.20763468013468014 
0.020769330621781833 0.006260956674179814 0.0048614487117160906 0.14955387205387205 
0.025961663277227293 0.005121638924455826 0.004914004914004914 0.15895622895622893 
0.10081779239323266 0.005411255411255411 0.004734848484848484 0.20916666666666667 
0.02336549694950456 0.007307804735457468 0.0044782803403493054 0.1532996632996633 
0.032452079096534116 0.005930142916444286 0.004686035613870665 0.1691161616161616 
0.01168274847475228 0.006384065372829417 0.004940711462450593 0.14946127946127946 
0.04975985461468564 0.005834986579530867 0.0044782803403493054 0.17503367003367 
0.056682964821946256 0.00564652738565782 0.004734848484848484 0.1835016835016835 
0.09302929341006447 0.005570409982174688 0.0046146746654360865 0.2101094276094276 
0.06100990870148414 0.0056255625562556255 0.004734848484848484 0.18604377104377104 
0.07225996278828263 0.005710370031978072 0.0046146746654360865 0.19425925925925924 
0.04673099389900912 0.005842486562280907 0.004686035613870665 0.17415824915824915 
0.020336636233828045 0.004959579427664534 0.005443658138268917 0.152003367003367 
0.018173164294059106 0.006064649160046091 0.004784688995215311 0.15932659932659932 
0.025096274501319717 0.006020469596628537 0.004810004810004809 0.16437710437710437 
0.08394271126303492 0.005516328331862312 0.004686035613870665 0.20138888888888887 
0.07658690666782052 0.005779344622319829 0.004545454545454545 0.20164141414141415 
0.01687508113019774 0.004948780125699015 0.005611672278338945 0.15044612794612794 
0.01903855306996668 0.00499775101204458 0.005316321105794789 0.15281986531986533 
0.06274068625329929 0.005790387955993051 0.004638218923933209 0.18066498316498317 
