0.002258610954263128 0.011522064754003917 0.012285012285012286 0.05494949494949495 
0.002258610954263128 0.011522064754003917 0.012453300124533 0.05493265993265993 
0.002258610954263128 0.011522064754003917 0.011086474501108648 0.05496632996632996 
0.002258610954263128 0.011566042100393244 0.01095290251916758 0.05496632996632996 
0.002258610954263128 0.011580775911986103 0.012453300124533 0.05491582491582492 
0.002258610954263128 0.011625203441060218 0.01095290251916758 0.05493265993265993 
0.002258610954263128 0.011580775911986103 0.011086474501108648 0.05493265993265993 
0.002258610954263128 0.011625203441060218 0.010822510822510822 0.05494949494949495 
0.002258610954263128 0.011580775911986103 0.01095290251916758 0.05494949494949495 
0.006775832862789384 0.011463945890175398 0.01044932079414838 0.055757575757575756 
0.004517221908526256 0.011463945890175398 0.010570824524312896 0.05503367003367003 
0.003387916431394692 0.011463945890175398 0.010570824524312896 0.05505050505050505 
0.002258610954263128 0.011522064754003917 0.010570824524312896 0.05503367003367003 
0.003387916431394692 0.011522064754003917 0.01044932079414838 0.05501683501683502 
0.002258610954263128 0.011580775911986103 0.01044932079414838 0.05501683501683502 
0.009034443817052512 0.01150747986191024 0.01044932079414838 0.05546296296296296 
0.01129305477131564 0.011463945890175398 0.01044932079414838 0.05547138047138047 
