0.005217164471109952 0.0129315918789603 0.013568521031207597 0.04775252525252525 
0.005217164471109952 0.0129315918789603 0.014204545454545454 0.04732323232323232 
0.005217164471109952 0.01295001295001295 0.013774104683195593 0.04763468013468013 
0.005217164471109952 0.01295001295001295 0.013568521031207597 0.047668350168350165 
0.005217164471109952 0.0129315918789603 0.01515151515151515 0.04725589225589225 
0.002608582235554976 0.01321353065539112 0.014662756598240468 0.04717171717171717 
0.002608582235554976 0.01321353065539112 0.014204545454545454 0.0472053872053872 
0.002608582235554976 0.01321353065539112 0.014903129657228018 0.04715488215488216 
0.0065214555888874395 0.0129315918789603 0.013986013986013986 0.047617845117845115 
0.005217164471109952 0.0129315918789603 0.014903129657228018 0.04727272727272727 
0.002608582235554976 0.013005592404734034 0.013568521031207597 0.04737373737373737 
0.002608582235554976 0.013080444735120994 0.014903129657228018 0.04718855218855219 
0.003912873353332464 0.01295001295001295 0.01515151515151515 0.04722222222222222 
0.003912873353332464 0.013005592404734034 0.013568521031207597 0.047356902356902354 
0.002608582235554976 0.013137151865475564 0.014430014430014428 0.0472053872053872 
0.003912873353332464 0.01295001295001295 0.014903129657228018 0.04723905723905723 
0.003912873353332464 0.01295001295001295 0.014662756598240468 0.04725589225589225 
0.002608582235554976 0.013194352816994326 0.01515151515151515 0.04715488215488216 
0.002608582235554976 0.013137151865475564 0.014662756598240468 0.04718855218855219 
0.002608582235554976 0.013005592404734034 0.014662756598240468 0.0472053872053872 
0.002608582235554976 0.013005592404734034 0.014430014430014428 0.04722222222222222 
0.002608582235554976 0.013118194936376754 0.01515151515151515 0.04717171717171717 
0.003912873353332464 0.013329778725673154 0.014430014430014428 0.04717171717171717 
0.002608582235554976 0.013408420488066505 0.014662756598240468 0.04715488215488216 
0.003912873353332464 0.013408420488066505 0.014204545454545454 0.04717171717171717 
0.003912873353332464 0.013271400132714 0.014204545454545454 0.04718855218855219 
0.002608582235554976 0.013005592404734034 0.014204545454545454 0.04723905723905723 
0.003912873353332464 0.013042911177774879 0.014204545454545454 0.0472053872053872 
0.005217164471109952 0.013042911177774879 0.013986013986013986 0.0472053872053872 
0.002608582235554976 0.013368983957219251 0.014204545454545454 0.04718855218855219 
0.002608582235554976 0.013042911177774879 0.013986013986013986 0.04722222222222222 
0.002608582235554976 0.013118194936376754 0.013774104683195593 0.04722222222222222 
0.003912873353332464 0.01295001295001295 0.014204545454545454 0.04728956228956229 
0.002608582235554976 0.013061650992685475 0.013568521031207597 0.04727272727272727 
0.007825746706664928 0.01295001295001295 0.013774104683195593 0.04728956228956229 
0.005217164471109952 0.013005592404734034 0.013774104683195593 0.04728956228956229 
0.002608582235554976 0.01321353065539112 0.014430014430014428 0.04718855218855219 
0.003912873353332464 0.013408420488066505 0.014430014430014428 0.04715488215488216 
0.002608582235554976 0.013448090371167292 0.014204545454545454 0.04717171717171717 
0.009130037824442414 0.0129315918789603 0.013986013986013986 0.04753367003367003 
0.005217164471109952 0.0129315918789603 0.014430014430014428 0.0473063973063973 
0.003912873353332464 0.01295001295001295 0.014430014430014428 0.04727272727272727 
0.003912873353332464 0.012987012987012986 0.013986013986013986 0.04725589225589225 
0.005217164471109952 0.0129315918789603 0.014662756598240468 0.04728956228956229 
0.002608582235554976 0.013408420488066505 0.014430014430014428 0.04717171717171717 
0.002608582235554976 0.013137151865475564 0.014903129657228018 0.04717171717171717 
0.010434328942219904 0.0129315918789603 0.013568521031207597 0.04728956228956229 
0.0065214555888874395 0.013042911177774879 0.013568521031207597 0.04728956228956229 
0.003912873353332464 0.012987012987012986 0.014204545454545454 0.04722222222222222 
0.007825746706664928 0.012987012987012986 0.013568521031207597 0.04728956228956229 
