25 92 102 101 45 16 5 37 21 29 15 119 62 120 65 34 24 64 61 27 123 129 32 124 96 66 33 112 100 91 10 74 36 72 67 116 68 43 13 88 109 118 4 76 54 11 84 93 40 12 75 38 3 19 20 78 98 83 48 87 121 97 41 69 128 127 108 113 111 80 126 6 107 47 81 85 52 122 51 28 77 115 117 90 50 0 59 18 8 35 55 46 17 105 49 86 110 63 82 57 73 103 104 42 53 71 44 14 114 95 30 70 58 31 7 9 106 2 22 23 89 1 99 94 26 39 60 125 79 56  
44 80 114 107 47 73 85 52 104 82 26 0 89 39 79 106 9 46 7 94 42 18 126 6 71 81 30 31 122 23 22 60 117 90 50 63 105 58 35 57 1 2 17 110 28 77 49 95 70 59 51 86 125 99 115 56 8 55 64 54 88 4 97 41 69 102 108 27 20 123 78 98 83 48 87 121 15 5 37 21 36 72 61 43 65 34 24 10 92 128 91 129 120 32 124 76 66 101 62 45 25 112 74 100 29 16 67 116 68 12 75 38 3 19 119 13 33 109 118 96 11 84 93 40 113 111 127 14 53 103  
44 126 114 107 47 70 85 52 104 46 26 0 89 39 79 63 9 82 1 94 42 18 125 31 122 28 22 60 117 90 50 106 105 58 35 57 7 2 17 110 23 77 49 95 73 59 51 86 80 6 71 81 30 99 115 56 8 55 64 54 88 4 97 41 69 102 5 37 21 36 72 27 62 123 100 121 15 108 61 43 65 34 24 10 92 128 91 129 120 32 124 76 66 101 20 29 16 67 116 68 112 74 78 98 83 48 87 45 25 12 75 38 3 19 119 13 33 109 118 96 11 84 93 40 113 111 127 14 53 103  
36 72 67 116 68 92 102 101 45 16 5 37 21 29 15 119 62 120 65 34 24 64 61 123 129 32 124 96 66 33 112 100 91 10 74 25 43 13 88 27 109 118 4 76 54 11 84 93 40 12 75 38 3 19 20 78 98 83 48 87 121 97 41 69 128 127 108 113 111 30 63 82 57 73 103 80 126 6 107 47 81 85 52 122 51 125 28 77 115 117 90 50 0 59 70 8 35 55 46 17 110 105 49 86 104 18 42 53 71 44 14 114 95 58 31 7 94 106 2 22 23 89 1 99 9 26 39 60 79 56  
80 126 6 107 47 81 85 52 122 51 125 28 77 115 117 90 50 0 59 70 8 35 55 46 17 56 105 49 110 86 36 72 67 116 68 92 102 101 45 16 5 37 21 29 15 119 62 120 65 34 24 64 61 123 129 32 124 96 66 33 112 100 91 10 74 25 43 13 88 27 109 118 4 76 54 11 84 93 40 12 75 38 3 19 20 78 98 83 48 87 121 97 41 69 128 127 108 113 111 30 63 82 57 73 103 104 18 42 53 71 44 14 114 95 58 31 7 94 106 2 22 23 89 1 99 9 26 39 60 79  
80 126 6 107 47 95 85 52 122 110 28 77 115 117 90 50 0 18 58 35 55 46 56 105 49 59 86 51 63 82 57 73 103 125 104 42 67 116 68 36 119 92 102 101 45 16 5 37 21 29 15 72 25 62 120 65 34 24 64 61 123 129 32 124 96 66 33 112 100 91 74 43 4 76 27 54 13 88 109 118 10 11 84 93 40 12 75 38 3 19 20 78 98 83 48 87 121 97 41 69 128 127 108 113 111 53 71 44 14 114 81 30 70 8 31 9 106 2 22 23 89 1 99 7 94 26 39 60 79 17  
80 126 6 107 47 95 85 52 122 110 28 77 115 117 90 50 0 18 58 35 55 46 56 105 49 59 86 51 63 82 57 73 103 125 104 42 67 116 68 36 119 92 102 101 45 16 5 37 21 29 15 72 25 62 120 65 34 24 64 61 123 129 32 124 96 66 33 112 100 91 74 43 4 76 20 27 54 13 88 109 118 10 11 84 93 40 12 75 38 3 19 78 98 83 48 87 121 97 41 69 128 127 108 113 111 53 71 44 14 114 81 30 70 8 31 9 106 2 22 23 89 1 99 7 94 26 39 60 79 17  
80 126 6 107 47 95 85 52 122 51 63 82 57 73 103 59 104 18 42 53 71 44 14 114 81 30 70 7 58 31 9 106 2 22 23 89 1 99 105 94 26 39 60 79 56 28 77 115 117 90 50 0 125 8 35 55 46 17 49 86 110 72 67 116 68 36 119 92 102 101 45 16 5 37 21 29 15 62 120 65 34 24 64 61 4 76 123 129 32 124 96 66 33 112 100 91 127 108 113 111 27 13 88 109 118 54 74 25 43 10 11 84 93 40 12 75 38 3 19 20 78 98 83 48 87 121 97 41 69 128  
80 126 6 107 47 81 85 52 122 51 125 28 77 115 117 90 50 0 59 70 8 35 55 46 17 56 105 49 110 86 36 72 67 116 68 92 102 101 45 16 5 37 21 29 15 119 62 120 65 34 24 64 61 123 129 32 124 96 66 33 112 100 91 10 74 25 43 13 88 109 118 4 76 54 11 84 93 40 12 75 38 3 19 27 20 78 98 83 48 87 121 97 41 69 128 127 108 113 111 30 63 82 57 73 103 104 18 42 53 71 44 14 114 95 58 31 7 94 106 2 22 23 89 1 99 9 26 39 60 79  
36 72 67 116 68 92 102 101 45 16 5 37 21 29 15 119 62 120 65 34 24 64 61 27 20 129 32 124 96 66 33 112 100 91 10 74 25 43 13 88 109 118 4 76 54 11 84 93 40 12 75 38 3 19 123 78 98 83 48 87 121 97 41 69 128 127 108 113 111 80 126 6 107 47 81 85 18 42 52 122 59 28 77 115 117 90 50 0 51 30 70 8 35 55 46 56 105 49 63 82 57 73 103 104 86 53 71 44 14 114 125 110 58 31 7 94 106 2 22 23 89 1 99 9 26 39 60 95 79 17  
