0.002214594175617318 0.005456728145803776 0.005543237250554324 0.11227272727272727 
0.02159229321226885 0.005456728145803776 0.0053792361484669175 0.11332491582491583 
0.019931347580555862 0.005456728145803776 0.005411255411255411 0.11283670033670033 
0.01937769903665153 0.0054665719127535125 0.0053792361484669175 0.11325757575757575 
0.018270401948842874 0.005473154178753215 0.0053792361484669175 0.11286195286195286 
0.018270401948842874 0.005463286713286713 0.005411255411255411 0.11276094276094276 
0.01937769903665153 0.005456728145803776 0.005411255411255411 0.11315656565656565 
0.017163104861034215 0.00548305735277991 0.0053792361484669175 0.11248316498316498 
0.0027682427195216473 0.005456728145803776 0.005443658138268917 0.11244949494949494 
0.002214594175617318 0.005456728145803776 0.005577244841048522 0.11223905723905724 
0.001107297087808659 0.005506304718903144 0.005411255411255411 0.11188552188552188 
0.002214594175617318 0.005486366379546826 0.0053792361484669175 0.11226430976430976 
0.001107297087808659 0.005496317467296911 0.0053792361484669175 0.11195286195286194 
0.0016609456317129884 0.005463286713286713 0.00547645125958379 0.11182659932659933 
0.0016609456317129884 0.005463286713286713 0.005543237250554324 0.1118013468013468 
0.0016609456317129884 0.005463286713286713 0.005509641873278237 0.1118097643097643 
0.0027682427195216473 0.0054600054600054595 0.005443658138268917 0.11236531986531986 
0.0027682427195216473 0.005456728145803776 0.00547645125958379 0.11215488215488215 
0.0027682427195216473 0.005456728145803776 0.005611672278338945 0.11202020202020202 
0.0027682427195216473 0.005456728145803776 0.005509641873278237 0.11210437710437711 
0.001107297087808659 0.005499642523235989 0.005443658138268917 0.11161616161616161 
0.002214594175617318 0.005463286713286713 0.005443658138268917 0.1119107744107744 
0.001107297087808659 0.005486366379546826 0.005443658138268917 0.11163299663299663 
0.002214594175617318 0.005469861065528936 0.005411255411255411 0.11193602693602693 
0.0027682427195216473 0.0054600054600054595 0.005577244841048522 0.11202020202020202 
0.0033218912634259768 0.005456728145803776 0.005543237250554324 0.1119107744107744 
0.0016609456317129884 0.005473154178753215 0.005411255411255411 0.11195286195286194 
0.0033218912634259768 0.005456728145803776 0.005611672278338945 0.11189393939393939 
0.001107297087808659 0.005519677650825191 0.0053792361484669175 0.11191919191919192 
0.013841213597608239 0.005456728145803776 0.005411255411255411 0.11348484848484848 
0.012733916509799579 0.005463286713286713 0.005411255411255411 0.1132070707070707 
0.0027682427195216473 0.0054665719127535125 0.005411255411255411 0.11224747474747473 
0.001107297087808659 0.005509641873278237 0.005443658138268917 0.1115993265993266 
0.0033218912634259768 0.005456728145803776 0.00547645125958379 0.112003367003367 
0.019931347580555862 0.005473154178753215 0.0053792361484669175 0.11244949494949494 
0.001107297087808659 0.00548305735277991 0.005411255411255411 0.11191919191919192 
0.001107297087808659 0.005516328331862312 0.00547645125958379 0.11158249158249159 
0.001107297087808659 0.005506304718903144 0.0053792361484669175 0.11193602693602693 
0.001107297087808659 0.005486366379546826 0.005411255411255411 0.11190235690235689 
0.0033218912634259768 0.005456728145803776 0.005509641873278237 0.11196969696969696 
0.001107297087808659 0.00548305735277991 0.005443658138268917 0.11164983164983165 
0.001107297087808659 0.005473154178753215 0.005443658138268917 0.1118013468013468 
0.019931347580555862 0.0054665719127535125 0.0053792361484669175 0.11246632996632996 
0.019931347580555862 0.005479752315195353 0.0053792361484669175 0.11243265993265993 
0.013841213597608239 0.0054600054600054595 0.005411255411255411 0.11345117845117844 
0.0016609456317129884 0.005469861065528936 0.005443658138268917 0.11191919191919192 
0.018824050492747206 0.005486366379546826 0.0053792361484669175 0.1120959595959596 
0.0033218912634259768 0.005456728145803776 0.005443658138268917 0.11202020202020202 
0.001107297087808659 0.005473154178753215 0.00547645125958379 0.11178451178451179 
0.001107297087808659 0.005529750055297501 0.0053792361484669175 0.11190235690235689 
