0.03771337832473203 0.005980861244019138 0.0040766408479412965 0.18311447811447812 
0.004763795156808257 0.0047922557147649395 0.0059031877213695395 0.15915824915824917 
0.03096466851925367 0.0045228403437358655 0.00475963826749167 0.1735016835016835 
7.939658594680428E-4 0.007538067239559777 0.004591368227731864 0.1622222222222222 
0.0031758634378721714 0.006993006993006993 0.0053792361484669175 0.16387205387205386 
0.15680825724493846 0.0047998464049150424 0.004288164665523155 0.2748232323232323 
0.02143707820563716 0.00455000455000455 0.005107252298263534 0.16582491582491582 
0.038110361254466055 0.00550297160466652 0.004170141784820684 0.1804040404040404 
0.08138150059547439 0.004975867044832562 0.00441306266548985 0.21478114478114477 
0.12068281063914252 0.004825323296660876 0.004349717268377555 0.2506986531986532 
0.07502977371973006 0.005107252298263534 0.004370629370629371 0.21069023569023568 
0.11750694720127035 0.004879715024642561 0.004329004329004329 0.23998316498316496 
0.07939658594680428 0.00502260170768458 0.004391743522178304 0.2112121212121212 
0.07899960301707026 0.004984051036682615 0.00441306266548985 0.21726430976430977 
0.09329098848749504 0.005171165580721894 0.004268032437046521 0.2249074074074074 
0.017467248908296942 0.005570409982174688 0.004500450045004501 0.17282828282828283 
0.07225089321159191 0.005139010226630351 0.004370629370629371 0.20348484848484846 
0.02540690750297737 0.005469861065528936 0.0045228403437358655 0.1770117845117845 
0.05597459309249703 0.0058014735742878696 0.0040766408479412965 0.1940909090909091 
0.06391425168717745 0.005273149124657245 0.004349717268377555 0.20349326599326598 
0.06947201270345375 0.005133206714234382 0.004370629370629371 0.20712121212121212 
0.10400952759031361 0.004927322000492732 0.004329004329004329 0.22928451178451179 
0.05240174672489083 0.005335040546308152 0.004268032437046521 0.1936026936026936 
0.0408892417626042 0.00518295843267337 0.004545454545454545 0.18784511784511784 
0.10123064708217545 0.004827885868778062 0.00441306266548985 0.2345791245791246 
0.09845176657403731 0.00485366208804543 0.00441306266548985 0.23297138047138044 
0.055577610162763 0.005363368195226602 0.004208754208754209 0.19496632996632995 
0.07383882493052799 0.004924652811976756 0.004500450045004501 0.2144276094276094 
0.012703453751488685 0.00471764872387602 0.005717552887364208 0.16690235690235689 
0.06788408098451766 0.0052639890509027735 0.004329004329004329 0.20133838383838382 
0.017864231838030965 0.005910864168341411 0.004170141784820684 0.16734006734006734 
0.04327113934100834 0.005976929053852131 0.0040766408479412965 0.1852946127946128 
0.0222310440651052 0.005667649059170257 0.004228329809725159 0.1679040404040404 
0.10440651052004764 0.004802381981462806 0.00441306266548985 0.23735690235690235 
0.013497419610956728 0.005636025474835146 0.0045682960255824575 0.16732323232323232 
0.10996427153632393 0.005073051948051948 0.004248088360237892 0.23710437710437712 
0.08019055180627233 0.005073051948051948 0.004349717268377555 0.2085858585858586 
0.03215561730845573 0.006117704637220115 0.004095004095004095 0.1780808080808081 
0.0853513298928146 0.004975867044832562 0.004391743522178304 0.21484006734006733 
0.046843985708614526 0.005185915054711404 0.0044782803403493054 0.19238215488215488 
0.0277888050813815 0.0062912865681031774 0.0040766408479412965 0.17777777777777778 
0.09606986899563318 0.00502260170768458 0.004308487720809996 0.22132996632996632 
0.02262802699483922 0.005573825316314587 0.004591368227731864 0.16666666666666666 
0.09368797141722905 0.0048614487117160906 0.00441306266548985 0.22984006734006734 
0.012703453751488685 0.004729921483303377 0.004662004662004662 0.16402356902356902 
0.015879317189360857 0.004774637127578305 0.00547645125958379 0.16100168350168348 
0.03850734418420008 0.00537605505080372 0.004545454545454545 0.1745959595959596 
0.10599444223898373 0.004869260359351414 0.004370629370629371 0.24005050505050504 
0.043668122270742356 0.004600662495399337 0.004545454545454545 0.18247474747474746 
0.03572846367606193 0.005446919766871834 0.00441306266548985 0.18361952861952863 
