0.0022899015342340277 0.005827505827505827 0.005577244841048522 0.10938552188552188 
0.0022899015342340277 0.005831243804303458 0.005577244841048522 0.1089057239057239 
0.0022899015342340277 0.005820044232336165 0.005611672278338945 0.1089057239057239 
0.0011449507671170138 0.005846243788365975 0.005577244841048522 0.10892255892255892 
0.0017174261506755209 0.005831243804303458 0.005577244841048522 0.10892255892255892 
0.0017174261506755209 0.005846243788365975 0.005577244841048522 0.1089057239057239 
0.0017174261506755209 0.005820044232336165 0.005611672278338945 0.10892255892255892 
0.0011449507671170138 0.005823772639916138 0.005611672278338945 0.1089057239057239 
0.0011449507671170138 0.005857544517338331 0.005577244841048522 0.10888888888888888 
0.0022899015342340277 0.005842486562280907 0.005543237250554324 0.10911616161616161 
0.0022899015342340277 0.005846243788365975 0.005543237250554324 0.10908249158249159 
0.0011449507671170138 0.005884083553986467 0.005543237250554324 0.10893939393939393 
0.0011449507671170138 0.005861321141785358 0.005611672278338945 0.10887205387205387 
0.0011449507671170138 0.0058688890193086445 0.005543237250554324 0.10895622895622895 
0.0011449507671170138 0.00585000585000585 0.00564652738565782 0.10887205387205387 
0.0011449507671170138 0.005820044232336165 0.005681818181818182 0.1089057239057239 
0.0011449507671170138 0.005838734162433584 0.005611672278338945 0.10888888888888888 
0.0011449507671170138 0.005853772756541591 0.005543237250554324 0.10897306397306397 
0.0022899015342340277 0.005834986579530867 0.005543237250554324 0.10914983164983165 
0.0034348523013510417 0.005820044232336165 0.005577244841048522 0.10946127946127945 
0.0011449507671170138 0.005834986579530867 0.005717552887364208 0.10888888888888888 
0.006297229219143576 0.005820044232336165 0.005577244841048522 0.10931818181818181 
0.0011449507671170138 0.005820044232336165 0.005611672278338945 0.10902356902356902 
0.0011449507671170138 0.005834986579530867 0.005577244841048522 0.10904040404040405 
0.00572475383558507 0.005820044232336165 0.005543237250554324 0.1095117845117845 
0.004579803068468055 0.005823772639916138 0.005543237250554324 0.10913299663299662 
