0.006139049470506983 0.005735589331803842 0.005611672278338945 0.12363636363636364 
0.013301273852765128 0.005245764045533232 0.005681818181818182 0.12393097643097642 
0.011254924029262802 0.005221659443371103 0.00575373993095512 0.1254208754208754 
0.043996521205300045 0.005385609651012494 0.005285412262156448 0.14521885521885522 
0.005627462014631401 0.00659239237919441 0.005165289256198347 0.12418350168350169 
0.02404461042615235 0.0055806685640939786 0.0053475935828877 0.12708754208754208 
0.014836036220391875 0.005206706237634072 0.005790387955993051 0.12370370370370369 
0.009208574205760474 0.005171165580721894 0.0059031877213695395 0.12382154882154883 
0.01074333657338722 0.005118755118755119 0.0061012812690665035 0.12435185185185185 
0.08799304241060009 0.005130309870716191 0.0053792361484669175 0.1648063973063973 
0.005627462014631401 0.005194805194805195 0.006184291898577612 0.12208754208754209 
0.018417148411520947 0.005133206714234382 0.005509641873278237 0.12607744107744107 
0.013812861308640711 0.0051506567087303634 0.00575373993095512 0.1245117845117845 
0.0025579372793779094 0.00666000666000666 0.005165289256198347 0.12343434343434342 
0.003581112191129073 0.006645401382243487 0.005107252298263534 0.12378787878787878 
0.08031923057246637 0.005300821627352239 0.005078720162519045 0.156523569023569 
0.05883255742569192 0.005492996429552321 0.005078720162519045 0.14612794612794613 
0.005627462014631401 0.006587615283267457 0.005107252298263534 0.12466329966329966 
0.09106256714585359 0.00518000518000518 0.005107252298263534 0.16558080808080808 
0.02455619788202793 0.005772005772005772 0.005194805194805195 0.13564814814814816 
0.04195017138179771 0.0056960583276372745 0.005107252298263534 0.13834175084175085 
0.03734588427891748 0.005573825316314587 0.00522466039707419 0.13285353535353536 
0.03223000972016166 0.005710370031978072 0.005107252298263534 0.13465488215488217 
0.029160484984908166 0.005650036725238714 0.0053475935828877 0.12697811447811447 
0.029160484984908166 0.005611672278338945 0.005254860746190225 0.13632996632996633 
0.014836036220391875 0.005674724775848371 0.005543237250554324 0.12296296296296294 
0.001023174911751164 0.005914709883480215 0.0053475935828877 0.12287878787878787 
0.02455619788202793 0.005639521768554027 0.005254860746190225 0.13524410774410775 
0.026602547705530256 0.0056255625562556255 0.00522466039707419 0.1362878787878788 
0.028648897529032585 0.005601299501484344 0.005165289256198347 0.13762626262626262 
0.014836036220391875 0.006130080304051983 0.005050505050505051 0.1257912457912458 
0.012789686396889549 0.006150818058801821 0.005078720162519045 0.12514309764309764 
0.015347623676267456 0.006105378838756945 0.005107252298263534 0.1245875420875421 
0.007162224382258146 0.00666000666000666 0.005107252298263534 0.12346801346801345 
0.006650636926382564 0.005706785367802316 0.005543237250554324 0.12482323232323231 
0.007673811838133728 0.005688929343497554 0.005443658138268917 0.1252020202020202 
0.023533022970276766 0.005629045876723896 0.005285412262156448 0.13286195286195285 
0.02404461042615235 0.005816320595591229 0.00522466039707419 0.1260185185185185 
0.014324448764516292 0.00585000585000585 0.005509641873278237 0.12338383838383837 
0.022509848058525603 0.005922416345869114 0.005136106831022085 0.1300084175084175 
0.038880646646544226 0.005440400413470431 0.0053792361484669175 0.14182659932659933 
0.009208574205760474 0.006117704637220115 0.005254860746190225 0.12286195286195287 
0.011254924029262802 0.006076810889645114 0.00522466039707419 0.12287878787878787 
0.005115874558755819 0.005212677231025855 0.006447453255963894 0.12210437710437709 
0.005115874558755819 0.00519777535214928 0.006540222367560497 0.12207070707070707 
0.03018365989665933 0.005660590965696819 0.005165289256198347 0.13063131313131313 
0.022509848058525603 0.00575373993095512 0.00522466039707419 0.13428451178451178 
0.07520335601371055 0.005242738806752648 0.005285412262156448 0.1547053872053872 
0.017393973499769785 0.005750100626760968 0.0053792361484669175 0.12398989898989898 
0.015347623676267456 0.005643022402798939 0.0053475935828877 0.12843434343434343 
