0.008694442512346107 0.004652461151949381 0.004329004329004329 0.1842929292929293 
0.008694442512346107 0.004617018329562768 0.00441306266548985 0.1842929292929293 
0.0337344369479029 0.0042520622501913425 0.0040766408479412965 0.19839225589225587 
0.07929331571259651 0.004230297389906511 0.0037257824143070045 0.23952020202020202 
0.022257772831606036 0.0041893590280687055 0.004228329809725159 0.19465488215488216 
0.044863323363705916 0.00455000455000455 0.003819709702062643 0.21404040404040403 
0.00799888711135842 0.004322828859205464 0.005107252298263534 0.1815824915824916 
0.006259998608889197 0.007085665698292354 0.003665689149560117 0.18878787878787878 
6.955554009876886E-4 0.008340283569641367 0.004268032437046521 0.18685185185185185 
0.00486888780691382 0.004395990856339019 0.005254860746190225 0.18405723905723906 
0.00486888780691382 0.004425953793042401 0.005107252298263534 0.18428451178451177 
0.005912220908395354 0.00441306266548985 0.005050505050505051 0.1820959595959596 
0.00799888711135842 0.0044216483905199855 0.004967709885742673 0.18319023569023568 
0.01043333101481533 0.004248088360237892 0.005194805194805195 0.18467171717171718 
0.02677888293802601 0.004029658284977434 0.0045682960255824575 0.1953198653198653 
0.009389997913333796 0.004222438035721826 0.004710315591144607 0.1859175084175084 
0.013911108019753773 0.004272043745727956 0.00502260170768458 0.18377104377104378 
0.01286777491827224 0.004385387887558654 0.0045228403437358655 0.18745791245791243 
0.022953328232593724 0.004060254171911161 0.004456327985739751 0.19315656565656567 
0.008346664811852264 0.005147740142077628 0.004058441558441558 0.1873148148148148 
0.008694442512346107 0.005087246273592104 0.004004805766920304 0.18726430976430977 
0.04103776865827363 0.004156794280251071 0.004004805766920304 0.20654040404040402 
0.02677888293802601 0.004071163945772096 0.004349717268377555 0.1962962962962963 
0.0399944355567921 0.0040858018386108275 0.004208754208754209 0.20757575757575758 
0.03825554705432287 0.0048049202383240435 0.0035790980672870433 0.2056818181818182 
0.002086666202963066 0.006779201410073894 0.004058441558441558 0.18597643097643096 
0.01043333101481533 0.004586735161911751 0.0041893590280687055 0.18468855218855218 
0.054948876678027406 0.004230297389906511 0.0038850038850038854 0.21955387205387206 
0.08763998052444877 0.004591368227731864 0.0036805299963194697 0.25320707070707066 
0.011476664116296862 0.006230917814194031 0.0035373187124159884 0.1881734006734007 
0.01286777491827224 0.006188501763723002 0.003523608174770965 0.19044612794612792 
0.07755442721012727 0.004137873960359167 0.0038684719535783366 0.23877946127946126 
0.0855533143214857 0.004607657927475464 0.0036805299963194697 0.25119528619528614 
0.07511998330667037 0.00419903422212891 0.0037878787878787876 0.23536195286195286 
0.05599220977950894 0.00476462740613684 0.0036954915003695496 0.22755892255892257 
0.03477777004938443 0.0046453291215682625 0.0038684719535783366 0.20775252525252524 
0.020518884329136816 0.004107957112927741 0.0044782803403493054 0.1923063973063973 
0.01773666272518606 0.00515649976795751 0.0035650623885918 0.19366161616161617 
0.023648883633581416 0.004139758238118894 0.004268032437046521 0.1945959595959596 
0.026431105237532167 0.004690871563936579 0.003935458480913027 0.20068181818181818 
0.015649996522222993 0.004864049807870033 0.003935458480913027 0.19512626262626262 
0.01669332962370453 0.004864049807870033 0.0038850038850038854 0.19563131313131313 
0.009389997913333796 0.0050645733096986575 0.003935458480913027 0.18949494949494947 
0.012519997217778394 0.00427807486631016 0.004940711462450593 0.18227272727272728 
0.018779995826667593 0.004877097151775263 0.003852080123266564 0.1975925925925926 
0.03338665924740906 0.004208754208754209 0.004151100041511 0.19872895622895623 
0.04590665646518745 0.004170141784820684 0.003969829297340214 0.20998316498316497 
0.011824441816790708 0.004204860819106888 0.004308487720809996 0.18867003367003368 
0.018084440425679905 0.0043875043875043875 0.004151100041511 0.18813973063973063 
0.12659108297975932 0.004385387887558654 0.0036954915003695496 0.28754208754208754 
