0.0021166260979997883 0.01095290251916758 0.011363636363636364 0.05904040404040404 
0.0031749391469996823 0.010926573426573426 0.011806375442739079 0.05904040404040404 
0.0021166260979997883 0.01095290251916758 0.012121212121212121 0.0588047138047138 
0.009524817440999048 0.010926573426573426 0.012121212121212121 0.05887205387205387 
0.009524817440999048 0.010926573426573426 0.011806375442739079 0.058905723905723906 
0.0031749391469996823 0.01095290251916758 0.011961722488038276 0.0588047138047138 
0.0021166260979997883 0.01095290251916758 0.01150747986191024 0.05882154882154882 
0.0031749391469996823 0.010992634934593822 0.01122334455667789 0.05877104377104377 
0.0031749391469996823 0.010939722131057872 0.011806375442739079 0.05897306397306397 
0.0031749391469996823 0.01095290251916758 0.012121212121212121 0.058787878787878785 
0.0021166260979997883 0.010992634934593822 0.012121212121212121 0.05875420875420875 
0.0021166260979997883 0.011032656663724624 0.011086474501108648 0.05877104377104377 
0.004233252195999577 0.010939722131057872 0.011806375442739079 0.05895622895622896 
0.0021166260979997883 0.010992634934593822 0.011961722488038276 0.05877104377104377 
0.0031749391469996823 0.010926573426573426 0.011961722488038276 0.05898989898989898 
0.0021166260979997883 0.010979358805445762 0.012121212121212121 0.05877104377104377 
0.009524817440999048 0.010926573426573426 0.011961722488038276 0.05888888888888889 
0.0021166260979997883 0.010979358805445762 0.011086474501108648 0.058787878787878785 
0.0031749391469996823 0.010926573426573426 0.012453300124533 0.058939393939393944 
0.0031749391469996823 0.010926573426573426 0.012285012285012286 0.05895622895622896 
0.009524817440999048 0.010926573426573426 0.012453300124533 0.058838383838383836 
0.009524817440999048 0.010926573426573426 0.012626262626262624 0.05882154882154882 
0.0031749391469996823 0.010939722131057872 0.012121212121212121 0.058939393939393944 
0.0031749391469996823 0.010939722131057872 0.012453300124533 0.058905723905723906 
0.009524817440999048 0.010926573426573426 0.012285012285012286 0.05885521885521885 
0.0031749391469996823 0.010939722131057872 0.012804097311139564 0.05887205387205387 
0.004233252195999577 0.010939722131057872 0.012804097311139564 0.05885521885521885 
0.004233252195999577 0.010939722131057872 0.012285012285012286 0.058905723905723906 
0.004233252195999577 0.010939722131057872 0.012626262626262624 0.05887205387205387 
0.0021166260979997883 0.01095290251916758 0.012285012285012286 0.058787878787878785 
0.0031749391469996823 0.010926573426573426 0.012121212121212121 0.05897306397306397 
0.004233252195999577 0.010939722131057872 0.011961722488038276 0.058939393939393944 
0.004233252195999577 0.010939722131057872 0.012453300124533 0.05888888888888889 
0.004233252195999577 0.010939722131057872 0.012121212121212121 0.05892255892255892 
0.0063498782939993646 0.010926573426573426 0.010822510822510822 0.059461279461279465 
0.004233252195999577 0.01095290251916758 0.010822510822510822 0.05916666666666667 
0.0021166260979997883 0.010979358805445762 0.010822510822510822 0.05892255892255892 
0.004233252195999577 0.01096611470555982 0.010822510822510822 0.059132996632996634 
0.0063498782939993646 0.010939722131057872 0.010822510822510822 0.05928451178451178 
0.0021166260979997883 0.011032656663724624 0.010822510822510822 0.058905723905723906 
0.0021166260979997883 0.01096611470555982 0.011086474501108648 0.05887205387205387 
0.0031749391469996823 0.010939722131057872 0.012285012285012286 0.05892255892255892 
0.0031749391469996823 0.010939722131057872 0.012626262626262624 0.05888888888888889 
0.0031749391469996823 0.010939722131057872 0.011961722488038276 0.05895622895622896 
0.0021166260979997883 0.01095290251916758 0.011086474501108648 0.05905723905723905 
0.004233252195999577 0.010926573426573426 0.01095290251916758 0.05904040404040404 
0.0031749391469996823 0.010926573426573426 0.011086474501108648 0.05905723905723905 
