0.02424876378851274 0.0049813200498132005 0.0048614487117160906 0.14135521885521884 
0.0014263978699125142 0.00508440105755542 0.005681818181818182 0.13227272727272726 
0.011411182959300114 0.005133206714234382 0.00475963826749167 0.13572390572390572 
0.05182578927348802 0.0053225463061528635 0.004662004662004662 0.15356060606060604 
0.02519969570178775 0.005526388505111909 0.004686035613870665 0.138030303030303 
0.0038037276531000374 0.005124525981346725 0.005165289256198347 0.13244107744107744 
0.0038037276531000374 0.005136106831022085 0.005107252298263534 0.13244107744107744 
0.008558387219475086 0.005081559022308044 0.004914004914004914 0.13502525252525252 
0.0023773297831875236 0.005118755118755119 0.005285412262156448 0.13237373737373737 
0.006181057436287562 0.005233683990160674 0.005136106831022085 0.13232323232323231 
0.0028527957398250285 0.0052186619350798455 0.004887585532746823 0.13244107744107744 
0.0023773297831875236 0.005221659443371103 0.004914004914004914 0.13245791245791244 
0.00903385317611259 0.005050505050505051 0.004995004995004995 0.13463804713804714 
0.005705591479650057 0.00519777535214928 0.00483558994197292 0.13313973063973064 
9.509319132750093E-4 0.005816320595591229 0.004710315591144607 0.13309764309764308 
0.01806770635222518 0.005536485439043295 0.004686035613870665 0.13499999999999998 
0.04421833396728794 0.005313213963126295 0.004686035613870665 0.14837542087542088 
0.013313046785850133 0.0050142907285764425 0.005107252298263534 0.1348148148148148 
0.012362114872575124 0.0050142907285764425 0.005194805194805195 0.134537037037037 
0.0019018638265500187 0.005360205831903946 0.00475963826749167 0.13255892255892254 
0.010935717002662609 0.005121638924455826 0.00483558994197292 0.1337962962962963 
0.012837580829212629 0.005115874558755819 0.00483558994197292 0.13404882154882153 
0.0038037276531000374 0.005115874558755819 0.005285412262156448 0.1323905723905724 
0.007607455306200075 0.00508440105755542 0.005254860746190225 0.13233164983164983 
0.006181057436287562 0.00508440105755542 0.005316321105794789 0.13232323232323231 
0.010935717002662609 0.005130309870716191 0.004784688995215311 0.13384680134680135 
0.010935717002662609 0.005162356099323731 0.004810004810004809 0.13342592592592592 
0.0038037276531000374 0.00518295843267337 0.004940711462450593 0.13247474747474747 
0.004754659566375047 0.00515357658214801 0.004967709885742673 0.13245791245791244 
0.012362114872575124 0.005650036725238714 0.004710315591144607 0.13284511784511785 
0.006656523392925067 0.0051101231539680105 0.005078720162519045 0.13253367003367003 
0.004754659566375047 0.00515649976795751 0.005050505050505051 0.1323905723905724 
0.0033282616964625334 0.00518000518000518 0.005107252298263534 0.13242424242424242 
0.007607455306200075 0.00511299723898149 0.0048614487117160906 0.1341077441077441 
0.0099847850893876 0.005081559022308044 0.0048614487117160906 0.13518518518518519 
0.007131989349562571 0.005121638924455826 0.004940711462450593 0.13352693602693602 
0.0099847850893876 0.005115874558755819 0.00483558994197292 0.1346043771043771 
0.013313046785850133 0.005636025474835146 0.004662004662004662 0.13355218855218853 
9.509319132750093E-4 0.005227664802132887 0.005285412262156448 0.13234006734006734 
0.0014263978699125142 0.0051506567087303634 0.005254860746190225 0.1324074074074074 
0.008082921262837581 0.005215667866270276 0.004784688995215311 0.1331902356902357 
0.008082921262837581 0.005162356099323731 0.004914004914004914 0.13320707070707072 
0.008082921262837581 0.005171165580721894 0.004810004810004809 0.1334175084175084 
0.007131989349562571 0.005168225748100677 0.0048614487117160906 0.1329208754208754 
0.00903385317611259 0.005147740142077628 0.0048614487117160906 0.13364478114478115 
0.006181057436287562 0.00519777535214928 0.004887585532746823 0.13282828282828282 
0.005705591479650057 0.005257899994742099 0.004810004810004809 0.13245791245791244 
0.006181057436287562 0.005242738806752648 0.004784688995215311 0.13276936026936026 
0.007131989349562571 0.005236698785085882 0.00475963826749167 0.13334175084175084 
0.008082921262837581 0.005206706237634072 0.00475963826749167 0.1336868686868687 
