0.03710575139146567 0.004572891896835559 0.0035790980672870433 0.21372053872053873 
0.037443076404115365 0.0046932932838973105 0.003523608174770965 0.21614478114478114 
0.023275425872828468 0.005006007208650381 0.003523608174770965 0.2071885521885522 
0.05228537696070164 0.004438920454545454 0.0035932446999640674 0.22396464646464645 
0.041153651543261935 0.004518344478583047 0.0035790980672870433 0.2159175084175084 
0.026311350986675662 0.0040548211823858565 0.0036805299963194697 0.20526094276094276 
6.746500252993759E-4 0.004124731892426992 0.004095004095004095 0.18713804713804713 
0.005059875189745319 0.004087638979725311 0.0040766408479412965 0.18882996632996632 
0.0070838252656434475 0.004078469758146743 0.003969829297340214 0.18704545454545454 
0.01619160060718502 0.005688929343497554 0.003430531732418525 0.19837542087542087 
0.05363467701130039 0.004762131530072861 0.003443526170798898 0.23735690235690235 
0.011469050430089391 0.006282590940503864 0.0034176349965823645 0.19777777777777777 
0.06611570247933883 0.004715201810637495 0.003443526170798898 0.24691919191919193 
0.09276437847866419 0.004582111436950146 0.0034176349965823645 0.2718350168350168 
0.07488615280823073 0.00431462225482159 0.0035932446999640674 0.24385521885521882 
0.053972002023950076 0.004688452341881945 0.0034965034965034965 0.23483164983164984 
0.055658627087198514 0.004434589800443459 0.0035790980672870433 0.2263215488215488 
0.04081632653061224 0.004921986513756952 0.003430531732418525 0.22164983164983165 
0.020239500758981278 0.004132231404958677 0.0036954915003695496 0.19877946127946128 
0.011131725417439703 0.006056568348373812 0.0034566194262011752 0.1940151515151515 
0.07657277787147916 0.004678800355588827 0.0034176349965823645 0.25747474747474747 
0.10895597908584921 0.004341408352869671 0.003483106931382793 0.27876262626262627 
0.047562826783606 0.00456141951375268 0.0035511363636363635 0.21936026936026934 
0.11131725417439703 0.00434348260435217 0.0034698126301179735 0.28235690235690236 
0.0900657783774667 0.004296270836913559 0.0035511363636363635 0.26099326599326594 
0.013830325518637207 0.006028454304316373 0.003443526170798898 0.19583333333333333 
0.12481025468038455 0.004500450045004501 0.0034048348655090228 0.29797979797979796 
0.0617304773148929 0.004370629370629371 0.0035932446999640674 0.2323232323232323 
0.07994602799797605 0.004572891896835559 0.003430531732418525 0.25841750841750843 
0.08635520323832012 0.00449599856128046 0.0034566194262011752 0.26207070707070707 
0.05667060212514758 0.00468362137604796 0.0034566194262011752 0.2383838383838384 
0.09546297857986169 0.0045273451647953634 0.003430531732418525 0.2737878787878788 
0.08871647832686794 0.004700573469963335 0.0034048348655090228 0.26608585858585854 
0.044864226682408505 0.003906707817322342 0.0036363636363636364 0.21496632996632994 
0.09175240344071513 0.004244121891180714 0.0035932446999640674 0.2587794612794613 
0.07691010288412886 0.004462891060829205 0.003483106931382793 0.2523905723905724 
0.0279979760499241 0.0049813200498132005 0.003523608174770965 0.2081818181818182 
0.029347276100522852 0.00468362137604796 0.003607503607503607 0.2087121212121212 
0.10457075392140328 0.004498223201835274 0.0034176349965823645 0.28398148148148145 
0.04924945184685444 0.004507143822959391 0.0035790980672870433 0.22348484848484845 
0.01787822567043346 0.003959455178967374 0.004151100041511 0.1955387205387205 
0.07421150278293134 0.0045682960255824575 0.0034566194262011752 0.25276094276094274 
0.06746500252993759 0.004529600942156996 0.00351000351000351 0.2446043771043771 
0.027323326024624724 0.004047599773334412 0.0036509675063891925 0.2057996632996633 
0.08095800303592511 0.004423800044238001 0.003523608174770965 0.25452861952861955 
0.07522347782088042 0.004659615115791435 0.003443526170798898 0.2571464646464646 
0.0728622027323326 0.004370629370629371 0.0035650623885918 0.2423148148148148 
0.061055827289593516 0.004430267588162324 0.0035790980672870433 0.23072390572390572 
0.11334120425029516 0.00441306266548985 0.0034176349965823645 0.2918602693602693 
0.07927137797267667 0.0043875043875043875 0.0035511363636363635 0.2516077441077441 
