0.002482498386376049 0.005463286713286713 0.005078720162519045 0.1266161616161616 
0.009433493868228985 0.005388802069299994 0.00547645125958379 0.1267003367003367 
0.005957996127302517 0.005577244841048522 0.004940711462450593 0.12676767676767678 
0.006454495804577727 0.006056568348373812 0.00483558994197292 0.12935185185185186 
9.929993545504195E-4 0.005427408412483039 0.006020469596628537 0.1265151515151515 
0.0029789980636512584 0.005433896647285769 0.005509641873278237 0.1264983164983165 
0.0029789980636512584 0.005473154178753215 0.00547645125958379 0.12646464646464645 
0.008440494513678565 0.006004563468235859 0.004887585532746823 0.12993265993265993 
0.0407129735365672 0.006020469596628537 0.0048614487117160906 0.13895622895622894 
0.01638448935008192 0.005331911490269262 0.004995004995004995 0.13182659932659932 
0.05858696191847475 0.0056924916035748846 0.004887585532746823 0.14808922558922558 
0.05014646740479618 0.005842486562280907 0.0048614487117160906 0.14277777777777778 
0.013405491286430664 0.005203725867721288 0.006587615283267457 0.12845117845117845 
0.01886698773645797 0.006411078343377356 0.004810004810004809 0.1296212121212121 
0.0034754977409264683 0.006516780710329097 0.004940711462450593 0.12710437710437708 
0.03425847773198947 0.0052186619350798455 0.00564652738565782 0.1385353535353535 
9.929993545504195E-4 0.006130080304051983 0.004887585532746823 0.12735690235690236 
0.015391489995531504 0.005328786102525845 0.00502260170768458 0.13100168350168348 
0.009929993545504195 0.005553395901593825 0.004914004914004914 0.12714646464646465 
0.04865696837297055 0.005876476464711758 0.004887585532746823 0.14157407407407405 
0.005461496450027307 0.005469861065528936 0.004967709885742673 0.12744107744107744 
0.06057296062757559 0.005667649059170257 0.0048614487117160906 0.15985690235690236 
0.009929993545504195 0.00537605505080372 0.005316321105794789 0.1281986531986532 
0.008936994190953776 0.005463286713286713 0.004995004995004995 0.1269949494949495 
0.0034754977409264683 0.005414478315014348 0.005050505050505051 0.12696127946127944 
0.008936994190953776 0.0055129830751419594 0.004940711462450593 0.12712962962962962 
0.017377488704632342 0.005316321105794789 0.004967709885742673 0.13260101010101008 
0.009433493868228985 0.005285412262156448 0.006635700066357 0.12638888888888888 
0.0014894990318256292 0.005404821100421576 0.006184291898577612 0.1264983164983165 
0.002482498386376049 0.005382421012971634 0.006020469596628537 0.1265151515151515 
0.037237475795640726 0.005203725867721288 0.005543237250554324 0.1398063973063973 
0.01985998709100839 0.005341309689135776 0.00522466039707419 0.12994107744107744 
0.01688098902735713 0.005360205831903946 0.005254860746190225 0.12884680134680135 
0.009433493868228985 0.0053792361484669175 0.00564652738565782 0.12650673400673398 
0.0511394667593466 0.005764685536403989 0.004887585532746823 0.14343434343434341 
0.029293480959237374 0.005212677231025855 0.00564652738565782 0.14005892255892255 
0.030286480313787795 0.005194805194805195 0.005681818181818182 0.14043771043771042 
0.028300481604686956 0.005233683990160674 0.005681818181818182 0.13956228956228955 
0.027803981927411747 0.005282341133590407 0.005254860746190225 0.13404882154882153 
0.007447495159128147 0.0060444874274661504 0.004914004914004914 0.12888047138047137 
0.0029789980636512584 0.0054241701019743975 0.0059031877213695395 0.12646464646464645 
0.0034754977409264683 0.005417705060136526 0.0059417706476530005 0.12646464646464645 
0.0029789980636512584 0.005395198273536552 0.006142506142506143 0.1263973063973064 
9.929993545504195E-4 0.005437146585471944 0.005136106831022085 0.12666666666666668 
0.001985998709100839 0.0054241701019743975 0.005107252298263534 0.1266161616161616 
0.006454495804577727 0.005382421012971634 0.00575373993095512 0.12696969696969695 
0.0029789980636512584 0.005388802069299994 0.005980861244019138 0.1264983164983165 
0.009433493868228985 0.005291565244999471 0.0059417706476530005 0.12827441077441076 
0.011419492577329824 0.005267038870746866 0.0059417706476530005 0.1286952861952862 
0.010922992900054614 0.005276209571044162 0.006020469596628537 0.12833333333333333 
