0.0030868961259453618 0.016090104585679808 0.01715265866209262 0.040218855218855216 
0.0030868961259453618 0.016061676839061997 0.01715265866209262 0.040235690235690236 
0.004630344188918043 0.01589319771137953 0.017482517482517484 0.04028619528619529 
0.004630344188918043 0.01589319771137953 0.017825311942959002 0.04026936026936027 
0.0030868961259453618 0.016090104585679808 0.01594896331738437 0.040235690235690236 
0.004630344188918043 0.016175994823681657 0.017482517482517484 0.040202020202020204 
0.0030868961259453618 0.015976993129892956 0.01818181818181818 0.04025252525252525 
0.0030868961259453618 0.015976993129892956 0.017825311942959002 0.04026936026936027 
0.004630344188918043 0.01589319771137953 0.014903129657228018 0.04031986531986532 
0.0030868961259453618 0.016262806960481376 0.01594896331738437 0.040218855218855216 
0.0030868961259453618 0.01620482903905364 0.016233766233766232 0.040218855218855216 
0.0030868961259453618 0.016061676839061997 0.01594896331738437 0.04025252525252525 
0.004630344188918043 0.01589319771137953 0.015408320493066256 0.040303030303030306 
0.0030868961259453618 0.015976993129892956 0.01515151515151515 0.04028619528619529 
0.0030868961259453618 0.016090104585679808 0.01515151515151515 0.04026936026936027 
0.0030868961259453618 0.01620482903905364 0.014903129657228018 0.04026936026936027 
0.0030868961259453618 0.016005121638924456 0.014903129657228018 0.040303030303030306 
0.0030868961259453618 0.015976993129892956 0.014903129657228018 0.04031986531986532 
0.0030868961259453618 0.016090104585679808 0.014903129657228018 0.04028619528619529 
0.0030868961259453618 0.01620482903905364 0.01515151515151515 0.04025252525252525 
