0.022003007077633942 0.006313131313131312 0.003621876131836291 0.18684343434343434 
0.11221533609593311 0.004602991944764097 0.003665689149560117 0.2598821548821549 
0.028603909200924125 0.004358058049333217 0.003852080123266564 0.18914141414141414 
0.03117092669331475 0.00433106674173849 0.0038684719535783366 0.1910942760942761 
0.004767318200154021 0.005168225748100677 0.004288164665523155 0.17572390572390573 
0.016502255308225456 0.004280089025851737 0.004095004095004095 0.1794107744107744 
0.021636290293006708 0.004260032376246059 0.004022526146419952 0.18181818181818182 
0.021269573508379477 0.006343970056461333 0.0035932446999640674 0.18615319865319865 
7.334335692544648E-4 0.009238728750923872 0.0037878787878787876 0.1774074074074074 
0.00623418533866295 0.004570592805886924 0.004887585532746823 0.1726936026936027 
0.02016942315449778 0.0069132388524023505 0.0035790980672870433 0.18675084175084175 
0.01870255601598885 0.006918500069185 0.003607503607503607 0.18574074074074073 
0.004033884630899556 0.007531821947729156 0.0036509675063891925 0.17837542087542085 
0.006600902123290183 0.004586735161911751 0.004370629370629371 0.174023569023569 
0.010268069969562506 0.004554563672800146 0.004268032437046521 0.17525252525252524 
0.007701052477171881 0.007482229704451927 0.003772161448509996 0.17637205387205387 
0.016135538523598225 0.004504910352283989 0.004686035613870665 0.17531986531986532 
0.014668671385089295 0.0045160998961297025 0.004710315591144607 0.17437710437710438 
0.016135538523598225 0.00449599856128046 0.004784688995215311 0.1750925925925926 
0.004033884630899556 0.004742258263385024 0.004734848484848484 0.1742003367003367 
0.011001503538816971 0.004575193301917006 0.00475963826749167 0.1732828282828283 
0.0124683706773259 0.004349717268377555 0.004095004095004095 0.1778114478114478 
0.0018335839231361619 0.0050142907285764425 0.004545454545454545 0.1734006734006734 
0.0025670174923906265 0.006213881811967936 0.004058441558441558 0.17599326599326598 
0.017235688877479925 0.004264028654272557 0.004058441558441558 0.1795875420875421 
0.004400601415526788 0.006052536012589274 0.004058441558441558 0.17484006734006732 
0.020902856723752247 0.004266029606245467 0.003987240829346092 0.1820791245791246 
0.08544501081814514 0.0050589366115242574 0.0036363636363636364 0.23169191919191917 
0.04143899666287726 0.005584096493187402 0.003621876131836291 0.1971885521885522 
0.1213832557116139 0.004529600942156996 0.0037257824143070045 0.26331649831649834 
0.007701052477171881 0.00732547066149 0.0036954915003695496 0.18044612794612794 
0.04730646521691298 0.00518887505188875 0.0037257824143070045 0.2057828282828283 
0.03813854560123217 0.005331911490269262 0.0037105751391465678 0.19090067340067338 
0.011734937108071436 0.004513857542655954 0.00483558994197292 0.17382996632996633 
0.10744801789577908 0.0046453291215682625 0.003665689149560117 0.2537457912457912 
0.10781473468040632 0.004607657927475464 0.0036954915003695496 0.2528367003367003 
0.031904360262569216 0.005786702158439905 0.003607503607503607 0.19155723905723904 
0.01576882173897099 0.004312575470070726 0.004058441558441558 0.1789309764309764 
0.13275147603505813 0.004566001552440528 0.003621876131836291 0.27575757575757576 
0.06820932194066522 0.00522466039707419 0.003607503607503607 0.2188047138047138 
0.011001503538816971 0.0044216483905199855 0.004058441558441558 0.1792087542087542 
0.009534636400308043 0.005147740142077628 0.0038850038850038854 0.17919191919191918 
0.02750375884704243 0.005891710363518529 0.0036509675063891925 0.19114478114478115 
0.017602405662107152 0.0066163821622336905 0.003621876131836291 0.18141414141414142 
0.017235688877479925 0.006635700066357 0.003621876131836291 0.1793013468013468 
0.014668671385089295 0.00665513110608279 0.0036805299963194697 0.17686868686868687 
0.0260368917085335 0.005391998274560552 0.003772161448509996 0.1849242424242424 
0.0014668671385089295 0.00490869821323385 0.005980861244019138 0.17364478114478116 
0.022736440646888408 0.0063043752364140716 0.0035790980672870433 0.1875252525252525 
0.01576882173897099 0.007249528780629258 0.0036363636363636364 0.17903198653198651 
