0.007536876861788034 0.005372877713303245 0.0038850038850038854 0.17767676767676768 
0.025481821770807163 0.004020747054802783 0.0045682960255824575 0.1890993265993266 
0.028353012956250225 0.004058441558441558 0.004308487720809996 0.1884259259259259 
0.017227147112658363 0.0050142907285764425 0.004058441558441558 0.1899242424242424 
0.007536876861788034 0.004451963315822278 0.005165289256198347 0.176506734006734 
0.0071779779636076515 0.004260032376246059 0.006313131313131312 0.17835016835016834 
0.017586046010838748 0.004082132506021146 0.004887585532746823 0.18344276094276094 
0.0010766966945411477 0.004423800044238001 0.0062266500622665 0.17622895622895624 
0.003230090083623443 0.004408782294330306 0.0061012812690665035 0.1769023569023569 
0.01112586584359186 0.004164410944071961 0.005611672278338945 0.1812962962962963 
0.01112586584359186 0.00417588842026141 0.005543237250554324 0.18136363636363637 
0.01112586584359186 0.004197095609837992 0.005443658138268917 0.18115319865319865 
0.02225173168718372 0.004024306813151434 0.004662004662004662 0.18713804713804713 
0.04055557549438323 0.004164410944071961 0.00404040404040404 0.20197811447811445 
0.015073753723576068 0.004117259552042161 0.005078720162519045 0.18224747474747474 
0.013638158130854538 0.004139758238118894 0.005050505050505051 0.18113636363636365 
0.10049169149050713 0.004473872584108804 0.0038684719535783366 0.2597390572390572 
0.007895775759968417 0.004586735161911751 0.004370629370629371 0.18034511784511784 
0.008972472454509564 0.004666791114429717 0.0045228403437358655 0.17933501683501682 
0.036248788716218644 0.004143531946631308 0.004151100041511 0.19807239057239057 
0.002512292287262678 0.004681209624566988 0.004995004995004995 0.17728956228956227 
0.003230090083623443 0.0046146746654360865 0.005050505050505051 0.17777777777777778 
0.006819079065427269 0.0046453291215682625 0.004887585532746823 0.17909932659932662 
0.010766966945411476 0.0051506567087303634 0.004151100041511 0.1850252525252525 
0.011484764741772242 0.004320774282751468 0.004662004662004662 0.1777104377104377 
0.0021533933890822954 0.006540222367560497 0.0038850038850038854 0.17915824915824916 
0.005383483472705738 0.004802381981462806 0.00483558994197292 0.17823232323232324 
0.005383483472705738 0.005395198273536552 0.003852080123266564 0.17776094276094276 
0.02942970965079137 0.004029658284977434 0.004391743522178304 0.19026094276094277 
0.012202562538133007 0.004270037149323199 0.0045682960255824575 0.18085858585858586 
0.008972472454509564 0.005200748907842729 0.004170141784820684 0.18365319865319865 
0.006460180167246886 0.00660676532769556 0.003819709702062643 0.18017676767676769 
0.011843663639952625 0.00502260170768458 0.004208754208754209 0.1866750841750842 
0.027635215159889457 0.005546619335515004 0.0036805299963194697 0.19422558922558922 
0.029788608548971755 0.00555000555000555 0.003665689149560117 0.19577441077441077 
0.012202562538133007 0.005273149124657245 0.003952569169960474 0.1784006734006734 
0.05670602591250045 0.004652461151949381 0.003969829297340214 0.22332491582491582 
0.04235006998528514 0.004752174119659744 0.003969829297340214 0.20238215488215486 
0.016150450418117215 0.005171165580721894 0.003772161448509996 0.1840909090909091 
0.025481821770807163 0.005566998830930245 0.0037105751391465678 0.19249999999999998 
0.020457237196281806 0.004107957112927741 0.0044782803403493054 0.18347643097643096 
0.01973943939992104 0.005081559022308044 0.0037878787878787876 0.1852020202020202 
0.043067867781645904 0.004739785761683571 0.004022526146419952 0.2020959595959596 
0.036248788716218644 0.004864049807870033 0.0037878787878787876 0.19499999999999998 
0.03230090083623443 0.004815100154083205 0.004004805766920304 0.20276094276094275 
0.018662742705379896 0.004286142900004286 0.004268032437046521 0.1877020202020202 
0.01686824821447798 0.004975867044832562 0.004113533525298231 0.1905976430976431 
0.034095395327136346 0.004919323101141283 0.003772161448509996 0.19396464646464645 
0.02225173168718372 0.005611672278338945 0.0037257824143070045 0.18856902356902358 
0.020457237196281806 0.004242141432995375 0.004248088360237892 0.18790404040404038 
