0.026689906857671985 0.005601299501484344 0.00564652738565782 0.12369528619528618 
0.035404978484666914 0.0063043752364140716 0.00522466039707419 0.13026094276094277 
0.05337981371534397 0.006154982458299994 0.005194805194805195 0.13586700336700336 
0.00817037965030775 0.005872680291284942 0.005865102639296188 0.11691919191919192 
0.025600522904297617 0.005643022402798939 0.00564652738565782 0.12137205387205388 
0.02451113895092325 0.0056151384131618845 0.00564652738565782 0.12284511784511784 
0.026689906857671985 0.006402048655569782 0.005443658138268917 0.120513468013468 
0.01579606732392832 0.0056570685070996204 0.006540222367560497 0.11716329966329965 
0.01470668337055395 0.005706785367802316 0.006402048655569782 0.11672558922558922 
0.01579606732392832 0.005643022402798939 0.006447453255963894 0.11737373737373738 
0.02233237104417452 0.00564652738565782 0.006060606060606061 0.11878787878787878 
0.02233237104417452 0.00564652738565782 0.005980861244019138 0.11906565656565656 
0.023421754997548887 0.005570409982174688 0.005865102639296188 0.12016835016835016 
0.0010893839533743668 0.007175145296692258 0.00564652738565782 0.1161952861952862 
0.002723459883435917 0.007158196134574087 0.005543237250554324 0.11685185185185185 
0.013617299417179584 0.005678269263528476 0.006784260515603799 0.11656565656565655 
0.008715071626994935 0.005812601720530109 0.006635700066357 0.11557239057239056 
0.01143853151043085 0.005768343331795108 0.006313131313131312 0.11634680134680134 
0.01470668337055395 0.0056924916035748846 0.006313131313131312 0.11802188552188551 
0.013617299417179584 0.005731972945087699 0.006184291898577612 0.11727272727272728 
0.005446919766871834 0.005853772756541591 0.006184291898577612 0.11526936026936027 
0.01470668337055395 0.0057573838447809314 0.005865102639296188 0.11876262626262626 
0.013617299417179584 0.0057573838447809314 0.0059417706476530005 0.1180976430976431 
0.013617299417179584 0.0057211510956004345 0.006020469596628537 0.11812289562289562 
0.02396644697423607 0.005601299501484344 0.0059417706476530005 0.11951178451178451 
0.014161991393866768 0.006855889208830385 0.005509641873278237 0.11729797979797979 
0.020153603137425785 0.005601299501484344 0.006060606060606061 0.12031144781144781 
0.020153603137425785 0.005717552887364208 0.005865102639296188 0.11772727272727272 
0.0196089111607386 0.0077106947335954966 0.005194805194805195 0.12352693602693603 
0.0724440328993954 0.005790387955993051 0.005254860746190225 0.14803872053872053 
0.041396590228225935 0.006540222367560497 0.005194805194805195 0.12731481481481483 
0.009259763603682117 0.006549646319098768 0.005577244841048522 0.11837542087542088 
0.0163407593006155 0.008401949252226516 0.005165289256198347 0.12132996632996632 
0.065363037202462 0.005812601720530109 0.005285412262156448 0.13985690235690235 
0.0098044555803693 0.00702543206407194 0.005543237250554324 0.11607744107744107 
0.04303066615828749 0.006080875646093037 0.005285412262156448 0.13563131313131313 
0.0228770630208617 0.007550588945937783 0.005254860746190225 0.11784511784511784 
0.025600522904297617 0.006774149844194553 0.005254860746190225 0.12288720538720538 
0.017974835230677052 0.008204791598293402 0.005254860746190225 0.1180976430976431 
0.015251375347241134 0.007355104442483083 0.005443658138268917 0.1164057239057239 
0.032681518601231 0.006563833278634723 0.005194805194805195 0.12810606060606058 
0.01906421918405142 0.005653550429669833 0.005827505827505827 0.12126262626262627 
0.011983223487118035 0.005764685536403989 0.005717552887364208 0.11944444444444444 
0.04466474208834904 0.005887894488930758 0.005509641873278237 0.12765151515151515 
0.02124298709080015 0.005681818181818182 0.005717552887364208 0.12138047138047137 
0.029958058717795086 0.006411078343377356 0.005285412262156448 0.12261784511784511 
0.031047442671169455 0.006406560317765392 0.00522466039707419 0.12342592592592591 
0.02396644697423607 0.007284382284382283 0.0053792361484669175 0.11686868686868687 
0.006536303720246201 0.005926277112717791 0.005827505827505827 0.11657407407407407 
0.05283512173865679 0.006012506012506012 0.005254860746190225 0.13946127946127945 
