0.11136890951276102 0.00529464711177 0.004370629370629371 0.2267171717171717 
0.07508964353511917 0.005608210420054961 0.004349717268377555 0.20379629629629628 
0.0911200168740772 0.005529750055297501 0.004308487720809996 0.21524410774410774 
0.01898333684876608 0.006769105801123672 0.004248088360237892 0.16265151515151516 
0.01012444631934191 0.004964996772752098 0.005509641873278237 0.14914983164983164 
8.437038599451593E-4 0.0066163821622336905 0.005681818181818182 0.15112794612794614 
0.1531322505800464 0.005191838429988059 0.004349717268377555 0.25321548821548817 
0.05610630668635309 0.004890214680424471 0.004545454545454545 0.18175084175084175 
0.03459185825775153 0.004671587405400354 0.004887585532746823 0.16606902356902356 
0.1362581733811432 0.005236698785085882 0.004370629370629371 0.2394191919191919 
0.14342965619067707 0.005338173277104574 0.004288164665523155 0.24752525252525254 
0.037544821767559584 0.004669188028201895 0.004710315591144607 0.16715488215488217 
0.14132039654081419 0.005206706237634072 0.004370629370629371 0.24366161616161613 
0.015608521408985446 0.00485366208804543 0.004995004995004995 0.15606902356902355 
0.1510229909301835 0.005144826876575603 0.004391743522178304 0.25797138047138046 
0.007593334739506434 0.010473397570171765 0.0041893590280687055 0.15633838383838383 
0.10630668635309007 0.005248792777661138 0.0044782803403493054 0.21849326599326596 
0.10124446319341911 0.005267038870746866 0.004456327985739751 0.21462121212121213 
0.04640371229698376 0.006125949522175937 0.004151100041511 0.17844276094276093 
0.07593334739506433 0.005417705060136526 0.0044782803403493054 0.19567340067340067 
0.0599029740561063 0.005594405594405594 0.004456327985739751 0.18233164983164982 
0.04218519299725796 0.0057211510956004345 0.004434589800443459 0.1789983164983165 
0.06665260493566758 0.005533115697449233 0.004434589800443459 0.19198653198653198 
0.0890107572242143 0.005440400413470431 0.004370629370629371 0.20897306397306395 
0.012655557899177388 0.00490075961774075 0.005509641873278237 0.15132154882154883 
0.0911200168740772 0.005553395901593825 0.004288164665523155 0.21133838383838383 
0.062434085635941786 0.005570409982174688 0.004456327985739751 0.19132996632996632 
0.09027631301413204 0.0054241701019743975 0.004391743522178304 0.203510101010101 
0.06665260493566758 0.0054665719127535125 0.004500450045004501 0.191540404040404 
0.0949166842438304 0.005279273571956499 0.0044782803403493054 0.2088299663299663 
0.030373338958025735 0.005124525981346725 0.004591368227731864 0.1689141414141414 
0.08099557055473527 0.005699629524080934 0.004268032437046521 0.20506734006734006 
0.07593334739506433 0.00572475383558507 0.004288164665523155 0.20116161616161615 
0.007593334739506434 0.009009820704567979 0.004208754208754209 0.1550925925925926 
0.09618224003374815 0.005310110450297366 0.004456327985739751 0.21136363636363636 
0.02362370807846446 0.006729022273063723 0.0041893590280687055 0.16171717171717173 
0.03796667369753216 0.0050448996064978305 0.004591368227731864 0.1721885521885522 
0.014764817549040285 0.006835269993164729 0.004208754208754209 0.1572053872053872 
0.03290445053786121 0.00502260170768458 0.004638218923933209 0.16838383838383839 
0.08437038599451592 0.005636025474835146 0.004288164665523155 0.20617003367003367 
0.03206074667791605 0.006461200491051237 0.004132231404958677 0.16685185185185183 
0.037122969837587005 0.006402048655569782 0.0041893590280687055 0.16644781144781143 
0.028264079308162833 0.004879715024642561 0.00475963826749167 0.16440235690235688 
0.04598186036701118 0.0050170579971904475 0.0045682960255824575 0.17591750841750842 
0.06918371651550306 0.00572475383558507 0.004308487720809996 0.19776936026936026 
0.03585741404766927 0.00620963735717834 0.004248088360237892 0.17057239057239057 
0.09069816494410461 0.005319431884674717 0.0044782803403493054 0.2060185185185185 
0.10208816705336426 0.00550297160466652 0.004308487720809996 0.2207154882154882 
0.0890107572242143 0.005319431884674717 0.0045228403437358655 0.20335016835016834 
0.09871335161358363 0.005369704129302475 0.004391743522178304 0.21496632996632994 
