0.005699629524080934 0.027716186252771616 0.029325513196480937 0.021380471380471378 
0.005699629524080934 0.027716186252771616 0.0303030303030303 0.021363636363636362 
0.008549444286121402 0.027716186252771616 0.029325513196480937 0.021363636363636362 
0.005699629524080934 0.027548209366391185 0.0303030303030303 0.021380471380471378 
0.005699629524080934 0.028058361391694722 0.029325513196480937 0.021363636363636362 
0.005699629524080934 0.028058361391694722 0.028409090909090908 0.021380471380471378 
0.008549444286121402 0.027800945232137893 0.0303030303030303 0.021346801346801347 
0.008549444286121402 0.027716186252771616 0.028409090909090908 0.021380471380471378 
0.005699629524080934 0.02832058906825262 0.028409090909090908 0.021363636363636362 
0.005699629524080934 0.02832058906825262 0.029325513196480937 0.021346801346801347 
0.005699629524080934 0.027716186252771616 0.028409090909090908 0.021397306397306397 
0.005699629524080934 0.027548209366391185 0.029325513196480937 0.02148148148148148 
0.008549444286121402 0.028058361391694722 0.028409090909090908 0.021363636363636362 
0.011399259048161869 0.027548209366391185 0.028409090909090908 0.021557239057239056 
0.005699629524080934 0.029806259314456036 0.0303030303030303 0.02132996632996633 
0.008549444286121402 0.02832058906825262 0.028409090909090908 0.021346801346801347 
