0.019004033509152963 0.005227664802132887 0.004268032437046521 0.17523569023569024 
0.045764815389388765 0.004260032376246059 0.004434589800443459 0.18633838383838383 
0.050418864412038474 0.004187429337129935 0.004370629370629371 0.18936026936026934 
0.012410797393732548 0.006097189195780745 0.004151100041511 0.16665824915824917 
0.012022959975178405 0.004322828859205464 0.005717552887364208 0.1617929292929293 
7.756748371082842E-4 0.005273149124657245 0.005865102639296188 0.16299663299663297 
0.13690660874961216 0.004607657927475464 0.004132231404958677 0.2692845117845118 
0.13031337263419174 0.0046477040342071015 0.004095004095004095 0.2601178451178451 
0.10975798945082221 0.004754659566375047 0.0040766408479412965 0.2454124579124579 
0.13225255972696245 0.0046311304589450285 0.004095004095004095 0.26557239057239057 
0.0957958423828731 0.004864049807870033 0.00404040404040404 0.23273569023569024 
0.0957958423828731 0.004666791114429717 0.004208754208754209 0.238013468013468 
0.1272106732857586 0.004662004662004662 0.004095004095004095 0.2570875420875421 
0.0488675147378219 0.004887585532746823 0.004208754208754209 0.1989057239057239 
0.03335401799565622 0.0052884869638796335 0.003969829297340214 0.17959595959595961 
0.057787775364567175 0.0048614487117160906 0.004208754208754209 0.2057154882154882 
0.03141483090288551 0.0044915558749550845 0.00441306266548985 0.1820875420875421 
0.04266211604095563 0.004258037044922291 0.004500450045004501 0.18406565656565657 
0.1260471610300962 0.004598335402584265 0.0041893590280687055 0.2626767676767677 
0.12410797393732548 0.0046572280178837555 0.004113533525298231 0.25553872053872057 
0.0395594166925225 0.0043105306263201 0.004456327985739751 0.18213804713804715 
0.03490536766987279 0.0050170579971904475 0.004288164665523155 0.1840824915824916 
0.018228358672044677 0.005456728145803776 0.0040766408479412965 0.17111952861952862 
0.06748371082842072 0.004727461825745757 0.004268032437046521 0.20158249158249159 
0.06321749922432515 0.004797313504437514 0.004228329809725159 0.2011111111111111 
0.11014582686937635 0.0046453291215682625 0.0041893590280687055 0.23886363636363633 
0.10277691591684765 0.004817651876475405 0.004113533525298231 0.23634680134680133 
0.12139311200744646 0.004621712806766187 0.004151100041511 0.25737373737373737 
0.11673906298479676 0.004619364375461936 0.0041893590280687055 0.25315656565656564 
0.03490536766987279 0.004145421382083489 0.004810004810004809 0.1756818181818182 
0.05468507601613404 0.00490075961774075 0.0041893590280687055 0.19848484848484846 
0.10316475333540179 0.0046453291215682625 0.004208754208754209 0.24287037037037035 
0.09075395594166925 0.00476462740613684 0.004151100041511 0.2276767676767677 
0.13496742165684145 0.004602991944764097 0.004151100041511 0.266540404040404 
0.027148619298789946 0.005357047195585793 0.004208754208754209 0.17372895622895623 
0.1105336642879305 0.004664396660291991 0.004151100041511 0.24836700336700337 
0.01124728513807012 0.0044324276406187664 0.004810004810004809 0.16346801346801346 
0.07756748371082843 0.004951475539710834 0.0040766408479412965 0.2194191919191919 
0.04615265280794291 0.004914004914004914 0.004248088360237892 0.1976178451178451 
0.06942289792119143 0.00490869821323385 0.004151100041511 0.20764309764309766 
0.0488675147378219 0.004100545372534546 0.0046146746654360865 0.18625420875420876 
0.035293205088426934 0.004975867044832562 0.004268032437046521 0.18973063973063972 
0.023270245113248524 0.004520591293341169 0.00441306266548985 0.17585016835016834 
0.02792429413589823 0.004938027751715964 0.004370629370629371 0.1830976430976431 
0.041886441203847345 0.004919323101141283 0.004288164665523155 0.1913888888888889 
0.11906608749612163 0.004678800355588827 0.004132231404958677 0.24728956228956225 
0.04964318957493019 0.0043727316454589184 0.004349717268377555 0.1928956228956229 
0.0829972075705864 0.004652461151949381 0.004248088360237892 0.21579124579124578 
0.021331058020477814 0.004173971116119876 0.004967709885742673 0.1699158249158249 
0.07407694694384115 0.004973145016908692 0.004058441558441558 0.21526094276094276 
