0.004427390791027154 0.015051173991571343 0.01818181818181818 0.042121212121212115 
0.008854781582054308 0.01497678598172832 0.017482517482517484 0.042516835016835015 
0.014757969303423848 0.01497678598172832 0.01715265866209262 0.042584175084175085 
0.011806375442739079 0.015076134479119555 0.01715265866209262 0.042306397306397306 
0.004427390791027154 0.01525320317266626 0.01715265866209262 0.042323232323232325 
0.007378984651711924 0.01497678598172832 0.018939393939393936 0.042323232323232325 
0.007378984651711924 0.01497678598172832 0.01818181818181818 0.04237373737373737 
0.010330578512396695 0.01497678598172832 0.01715265866209262 0.042710437710437706 
0.007378984651711924 0.015126304643775524 0.01715265866209262 0.042348484848484844 
0.0059031877213695395 0.015176809834572771 0.01715265866209262 0.0422979797979798 
0.008854781582054308 0.015076134479119555 0.01715265866209262 0.04265993265993266 
0.004427390791027154 0.015126304643775524 0.021141649048625793 0.042003367003367 
0.0029515938606847697 0.01543448062972681 0.017482517482517484 0.04198653198653198 
0.0029515938606847697 0.01515151515151515 0.018552875695732836 0.042121212121212115 
0.008854781582054308 0.01497678598172832 0.021141649048625793 0.04203703703703704 
0.0059031877213695395 0.015076134479119555 0.018939393939393936 0.04208754208754208 
0.007378984651711924 0.01497678598172832 0.019762845849802372 0.04205387205387205 
0.008854781582054308 0.015126304643775524 0.01715265866209262 0.04207912457912458 
0.007378984651711924 0.01497678598172832 0.01934235976789168 0.04207070707070707 
0.004427390791027154 0.015126304643775524 0.019762845849802372 0.04205387205387205 
0.004427390791027154 0.015051173991571343 0.01934235976789168 0.04208754208754208 
0.004427390791027154 0.015126304643775524 0.018939393939393936 0.0421043771043771 
0.013282172373081463 0.015176809834572771 0.019762845849802372 0.042003367003367 
0.0059031877213695395 0.015076134479119555 0.02066115702479339 0.04203703703703704 
0.010330578512396695 0.01497678598172832 0.017482517482517484 0.042188552188552185 
0.004427390791027154 0.015126304643775524 0.02066115702479339 0.04202020202020202 
0.008854781582054308 0.015076134479119555 0.01818181818181818 0.04202020202020202 
0.0059031877213695395 0.015126304643775524 0.01818181818181818 0.04202020202020202 
0.004427390791027154 0.01515151515151515 0.017482517482517484 0.04205387205387205 
0.0059031877213695395 0.015076134479119555 0.020202020202020204 0.04205387205387205 
0.0029515938606847697 0.01515151515151515 0.019762845849802372 0.04208754208754208 
0.0059031877213695395 0.015051173991571343 0.017482517482517484 0.042239057239057236 
0.004427390791027154 0.015051173991571343 0.019762845849802372 0.04207070707070707 
0.0029515938606847697 0.01515151515151515 0.020202020202020204 0.04207070707070707 
0.007378984651711924 0.015051173991571343 0.017482517482517484 0.042095959595959596 
0.007378984651711924 0.015051173991571343 0.01818181818181818 0.04208754208754208 
0.010330578512396695 0.015076134479119555 0.01715265866209262 0.04262626262626262 
0.0059031877213695395 0.015278838808250572 0.01715265866209262 0.04202020202020202 
0.0059031877213695395 0.015076134479119555 0.017482517482517484 0.042205387205387204 
0.010330578512396695 0.01497678598172832 0.017825311942959002 0.04217171717171717 
0.0029515938606847697 0.01515151515151515 0.018939393939393936 0.0421043771043771 
0.008854781582054308 0.01497678598172832 0.01818181818181818 0.04218013468013468 
0.0029515938606847697 0.01515151515151515 0.017482517482517484 0.042205387205387204 
0.0029515938606847697 0.015176809834572771 0.017482517482517484 0.042188552188552185 
0.007378984651711924 0.01497678598172832 0.018552875695732836 0.04234006734006734 
0.008854781582054308 0.01497678598172832 0.018552875695732836 0.042163299663299666 
0.0029515938606847697 0.01522765341860819 0.017482517482517484 0.042003367003367 
0.0029515938606847697 0.015202189115232592 0.017482517482517484 0.04202020202020202 
0.0029515938606847697 0.01533036946190403 0.01715265866209262 0.04202020202020202 
0.007378984651711924 0.015076134479119555 0.017482517482517484 0.04205387205387205 
