0.0036315216075535647 0.012714558169103623 0.014204545454545454 0.05158249158249158 
0.0036315216075535647 0.012714558169103623 0.013986013986013986 0.051599326599326596 
0.0036315216075535647 0.012714558169103623 0.013774104683195593 0.051616161616161615 
0.0036315216075535647 0.012714558169103623 0.013568521031207597 0.05163299663299663 
0.0036315216075535647 0.012714558169103623 0.013368983957219251 0.051649831649831654 
0.0036315216075535647 0.012714558169103623 0.013175230566534914 0.051666666666666666 
0.0036315216075535647 0.012714558169103623 0.014430014430014428 0.051565656565656565 
0.0024210144050357102 0.012804097311139564 0.012453300124533 0.051565656565656565 
0.0024210144050357102 0.012876641771825908 0.012453300124533 0.051548821548821545 
0.0024210144050357102 0.012768130745658834 0.012626262626262624 0.051548821548821545 
0.0024210144050357102 0.0129315918789603 0.012453300124533 0.05153198653198653 
0.0024210144050357102 0.012750223128904755 0.012626262626262624 0.051565656565656565 
0.0048420288100714205 0.012714558169103623 0.011961722488038276 0.05173400673400673 
0.0024210144050357102 0.012840267077555213 0.012626262626262624 0.05153198653198653 
0.0024210144050357102 0.012968486577616392 0.012453300124533 0.051515151515151514 
0.0036315216075535647 0.012714558169103623 0.012121212121212121 0.05171717171717172 
0.0024210144050357102 0.012822156686754712 0.011961722488038276 0.05163299663299663 
0.0024210144050357102 0.012822156686754712 0.012121212121212121 0.051616161616161615 
0.0024210144050357102 0.012786088735455822 0.012121212121212121 0.05163299663299663 
0.0024210144050357102 0.012768130745658834 0.012121212121212121 0.051649831649831654 
0.0024210144050357102 0.012768130745658834 0.011961722488038276 0.051666666666666666 
0.0024210144050357102 0.012894906511927788 0.012626262626262624 0.051515151515151514 
0.0024210144050357102 0.012750223128904755 0.011961722488038276 0.051683501683501686 
0.0024210144050357102 0.012750223128904755 0.012121212121212121 0.051666666666666666 
0.0024210144050357102 0.012786088735455822 0.011961722488038276 0.051649831649831654 
