0.005427408412483039 0.013508037282182897 0.013368983957219251 0.04591750841750842 
0.0027137042062415195 0.013568521031207597 0.013368983957219251 0.04565656565656566 
0.004070556309362279 0.01371177841766077 0.013368983957219251 0.0456060606060606 
0.0027137042062415195 0.01365001365001365 0.013368983957219251 0.04563973063973064 
0.0027137042062415195 0.013548299688389106 0.014903129657228018 0.04553872053872054 
0.005427408412483039 0.01371177841766077 0.013568521031207597 0.045454545454545456 
0.0027137042062415195 0.01360914534567229 0.013568521031207597 0.045521885521885526 
0.0027137042062415195 0.013670539986329458 0.014204545454545454 0.045420875420875424 
0.004070556309362279 0.013568521031207597 0.013568521031207597 0.0455050505050505 
0.0027137042062415195 0.013548299688389106 0.014204545454545454 0.04557239057239057 
0.0027137042062415195 0.013548299688389106 0.014430014430014428 0.04555555555555556 
0.0027137042062415195 0.013568521031207597 0.013774104683195593 0.04547138047138047 
0.0027137042062415195 0.01371177841766077 0.013368983957219251 0.04562289562289562 
0.004070556309362279 0.013588802826470986 0.013774104683195593 0.04543771043771044 
0.004070556309362279 0.01365001365001365 0.013568521031207597 0.04547138047138047 
0.004070556309362279 0.013670539986329458 0.013774104683195593 0.045420875420875424 
0.005427408412483039 0.013508037282182897 0.013568521031207597 0.04588383838383838 
0.005427408412483039 0.013508037282182897 0.013774104683195593 0.04573232323232323 
0.006784260515603799 0.013508037282182897 0.013568521031207597 0.04574915824915825 
0.004070556309362279 0.013732491073880802 0.013568521031207597 0.045454545454545456 
0.0027137042062415195 0.013900472616068946 0.01594896331738437 0.045404040404040405 
0.0027137042062415195 0.013795006207752793 0.013368983957219251 0.04558922558922559 
0.008141112618724558 0.01371177841766077 0.013568521031207597 0.04543771043771044 
0.005427408412483039 0.013670539986329458 0.013368983957219251 0.0456060606060606 
0.004070556309362279 0.013774104683195593 0.013368983957219251 0.04558922558922559 
0.004070556309362279 0.01362954886193267 0.013368983957219251 0.04562289562289562 
0.004070556309362279 0.013588802826470986 0.013368983957219251 0.04563973063973064 
0.0027137042062415195 0.013732491073880802 0.013568521031207597 0.04547138047138047 
0.005427408412483039 0.013774104683195593 0.013368983957219251 0.04557239057239057 
0.0027137042062415195 0.013548299688389106 0.01567398119122257 0.04548821548821549 
0.004070556309362279 0.013508037282182897 0.013986013986013986 0.04553872053872054 
0.006784260515603799 0.013528138528138526 0.013986013986013986 0.0455050505050505 
0.008141112618724558 0.013508037282182897 0.013774104683195593 0.04553872053872054 
0.005427408412483039 0.01371177841766077 0.013368983957219251 0.04558922558922559 
0.009497964721845319 0.013508037282182897 0.013568521031207597 0.04564814814814815 
0.005427408412483039 0.013548299688389106 0.013568521031207597 0.04574915824915825 
0.006784260515603799 0.013568521031207597 0.013568521031207597 0.04547138047138047 
0.005427408412483039 0.013528138528138526 0.01594896331738437 0.045454545454545456 
0.004070556309362279 0.013528138528138526 0.014204545454545454 0.0455050505050505 
0.0027137042062415195 0.013670539986329458 0.013774104683195593 0.04543771043771044 
0.005427408412483039 0.013508037282182897 0.01567398119122257 0.04547138047138047 
0.005427408412483039 0.013508037282182897 0.01515151515151515 0.0455050505050505 
0.0027137042062415195 0.013588802826470986 0.014204545454545454 0.04543771043771044 
0.0027137042062415195 0.013548299688389106 0.01515151515151515 0.045521885521885526 
0.004070556309362279 0.013508037282182897 0.015408320493066256 0.0455050505050505 
0.004070556309362279 0.013528138528138526 0.01567398119122257 0.04547138047138047 
0.004070556309362279 0.013508037282182897 0.014430014430014428 0.045521885521885526 
0.005427408412483039 0.013568521031207597 0.013774104683195593 0.045454545454545456 
0.008141112618724558 0.013588802826470986 0.013568521031207597 0.045454545454545456 
0.013568521031207597 0.013508037282182897 0.013568521031207597 0.04563973063973064 
