0.010994010159981804 0.004296270836913559 0.004940711462450593 0.16748316498316496 
0.010235802562741678 0.004320774282751468 0.004810004810004809 0.16725589225589224 
0.11790128137083933 0.0047200981780421035 0.003935458480913027 0.25556397306397305 
0.01933429372962317 0.004300335426163241 0.004288164665523155 0.1766077441077441 
0.0652058533626507 0.004843318641933453 0.003835826620636747 0.20817340067340068 
0.035635757070285844 0.004183575283437225 0.0041893590280687055 0.18215488215488215 
0.0360148608689059 0.004290188339268094 0.004058441558441558 0.18612794612794614 
0.03336113427856547 0.004151100041511 0.004308487720809996 0.18255892255892256 
0.0011373113958601864 0.008095199546668824 0.003935458480913027 0.17005050505050504 
7.582075972401243E-4 0.00808080808080808 0.003969829297340214 0.17003367003367 
0.0037910379862006213 0.00455913194127838 0.005165289256198347 0.1662962962962963 
0.18386534233073015 0.0045273451647953634 0.003969829297340214 0.3137037037037037 
0.011373113958601865 0.004345558838866678 0.004914004914004914 0.16606060606060605 
0.002653726590340435 0.0060444874274661504 0.0041893590280687055 0.16828282828282828 
0.011373113958601865 0.004284123040013708 0.005078720162519045 0.1677861952861953 
0.040185002653726584 0.0042204777580822144 0.004058441558441558 0.18712121212121213 
7.582075972401243E-4 0.004943398091848337 0.004349717268377555 0.167003367003367 
0.007582075972401243 0.005639521768554027 0.004058441558441558 0.1690319865319865 
0.0072029721737811815 0.004695717505634861 0.0044782803403493054 0.1683164983164983 
0.007582075972401243 0.0057211510956004345 0.003969829297340214 0.16840067340067338 
0.01933429372962317 0.004179728317659352 0.0045228403437358655 0.17222222222222222 
0.03411934187580559 0.004222438035721826 0.004208754208754209 0.18112794612794614 
0.004928349382060809 0.0056960583276372745 0.003987240829346092 0.16835858585858585 
0.014785048146182426 0.006411078343377356 0.0038037276531000374 0.17377946127946128 
0.03032830388960497 0.004187429337129935 0.004288164665523155 0.17836700336700337 
0.040185002653726584 0.004179728317659352 0.004151100041511 0.18696969696969695 
0.004549245583440746 0.006892273761113791 0.0037878787878787876 0.1703030303030303 
0.026537265903404352 0.005853772756541591 0.0037411148522259637 0.1839057239057239 
0.021988020319963608 0.0043664308793991795 0.004132231404958677 0.17773569023569025 
0.00871938736826143 0.0062011658191740045 0.0038850038850038854 0.17181818181818181 
0.007582075972401243 0.006180087757246153 0.003835826620636747 0.17383838383838382 
0.01213132155584199 0.005529750055297501 0.0039016777214202106 0.17234006734006732 
0.01213132155584199 0.005509641873278237 0.003935458480913027 0.17213804713804715 
0.007961179771021305 0.0056255625562556255 0.0039016777214202106 0.16961279461279463 
0.021988020319963608 0.005369704129302475 0.0039016777214202106 0.1767087542087542 
0.029190992493744787 0.004256043581886279 0.004170141784820684 0.1795286195286195 
0.016301463340662674 0.006411078343377356 0.003756574004507889 0.17574074074074075 
0.012510425354462052 0.004456327985739751 0.004132231404958677 0.1727020202020202 
0.010235802562741678 0.004447607187333214 0.004228329809725159 0.17087542087542087 
0.054970050799909013 0.004932669067232279 0.003852080123266564 0.2002188552188552 
0.04473424823716733 0.005008765339343852 0.003835826620636747 0.19035353535353536 
0.015164151944802485 0.005473154178753215 0.003969829297340214 0.17242424242424242 
0.0280536810978846 0.004200974626113258 0.004391743522178304 0.17599326599326598 
0.05800288118886951 0.004929994084007099 0.0037878787878787876 0.200016835016835 
0.020092501326863292 0.004256043581886279 0.004391743522178304 0.17525252525252524 
0.010994010159981804 0.0057211510956004345 0.003852080123266564 0.17015993265993265 
0.08074910910607323 0.004797313504437514 0.003969829297340214 0.2280976430976431 
0.009098491166881491 0.004425953793042401 0.004370629370629371 0.17084175084175082 
0.026158162104784288 0.004290188339268094 0.004208754208754209 0.1800841750841751 
0.02085070892410342 0.004329004329004329 0.0041893590280687055 0.17574074074074075 
