0.004852798447104497 0.016409583196586804 0.016528925619834708 0.03835016835016835 
0.003235198964736331 0.0165892501658925 0.016528925619834708 0.03826599326599326 
0.003235198964736331 0.016680567139282735 0.01934235976789168 0.038164983164983166 
0.009705596894208994 0.01649892756970797 0.018552875695732836 0.0381986531986532 
0.006470397929472662 0.016528925619834708 0.018939393939393936 0.0381986531986532 
0.009705596894208994 0.016559032952475575 0.018552875695732836 0.038181818181818185 
0.006470397929472662 0.0165892501658925 0.01818181818181818 0.038181818181818185 
0.003235198964736331 0.016469038208168644 0.01818181818181818 0.038282828282828286 
0.006470397929472662 0.016409583196586804 0.016528925619834708 0.03833333333333333 
0.003235198964736331 0.01649892756970797 0.016528925619834708 0.038282828282828286 
0.004852798447104497 0.016803898504453033 0.018939393939393936 0.038164983164983166 
0.004852798447104497 0.016559032952475575 0.017825311942959002 0.0381986531986532 
0.003235198964736331 0.016650016650016652 0.016528925619834708 0.03824915824915825 
0.004852798447104497 0.016409583196586804 0.01818181818181818 0.038215488215488216 
0.003235198964736331 0.016469038208168644 0.017825311942959002 0.0382996632996633 
0.004852798447104497 0.016409583196586804 0.017825311942959002 0.03823232323232323 
0.004852798447104497 0.016409583196586804 0.016835016835016835 0.03833333333333333 
0.006470397929472662 0.016409583196586804 0.016835016835016835 0.03831649831649832 
0.004852798447104497 0.016409583196586804 0.01715265866209262 0.03824915824915825 
0.003235198964736331 0.01649892756970797 0.016835016835016835 0.038215488215488216 
0.003235198964736331 0.0165892501658925 0.016835016835016835 0.0381986531986532 
0.006470397929472662 0.016409583196586804 0.01594896331738437 0.03851010101010101 
0.003235198964736331 0.0165892501658925 0.01594896331738437 0.038282828282828286 
0.003235198964736331 0.016680567139282735 0.01594896331738437 0.03826599326599326 
0.003235198964736331 0.016650016650016652 0.016835016835016835 0.038181818181818185 
0.003235198964736331 0.016469038208168644 0.01594896331738437 0.03831649831649832 
0.006470397929472662 0.01643925694558606 0.01594896331738437 0.03847643097643098 
0.003235198964736331 0.016559032952475575 0.01594896331738437 0.0382996632996633 
