0.00686106346483705 0.03430531732418524 0.03636363636363636 0.017878787878787876 
0.0137221269296741 0.03379520108144644 0.03496503496503497 0.017895622895622895 
0.0137221269296741 0.03430531732418524 0.03496503496503497 0.017878787878787876 
0.00686106346483705 0.03483106931382793 0.03367003367003367 0.01791245791245791 
0.00686106346483705 0.03456619426201175 0.03496503496503497 0.017845117845117844 
0.010291595197255574 0.03379520108144644 0.03496503496503497 0.01791245791245791 
0.01715265866209262 0.03379520108144644 0.039525691699604744 0.01782828282828283 
0.01715265866209262 0.03379520108144644 0.03787878787878787 0.017845117845117844 
0.0137221269296741 0.033921302578018994 0.039525691699604744 0.01782828282828283 
0.01715265866209262 0.03379520108144644 0.03636363636363636 0.01786195286195286 
0.0137221269296741 0.033921302578018994 0.03787878787878787 0.017845117845117844 
0.01715265866209262 0.033921302578018994 0.039525691699604744 0.01781144781144781 
0.00686106346483705 0.03551136363636363 0.03496503496503497 0.017794612794612794 
0.01715265866209262 0.033921302578018994 0.03787878787878787 0.01782828282828283 
0.00686106346483705 0.035236081747709654 0.03496503496503497 0.01781144781144781 
0.0137221269296741 0.033921302578018994 0.03636363636363636 0.01786195286195286 
0.01715265866209262 0.033921302578018994 0.03636363636363636 0.017845117845117844 
0.00686106346483705 0.03404834865509023 0.039525691699604744 0.01786195286195286 
0.00686106346483705 0.03404834865509023 0.03787878787878787 0.017878787878787876 
0.00686106346483705 0.03404834865509023 0.03496503496503497 0.017895622895622895 
0.00686106346483705 0.03483106931382793 0.03496503496503497 0.01782828282828283 
0.00686106346483705 0.03443526170798898 0.04132231404958678 0.017845117845117844 
0.01715265866209262 0.03379520108144644 0.03367003367003367 0.018106060606060605 
0.010291595197255574 0.03430531732418524 0.03367003367003367 0.01791245791245791 
0.0137221269296741 0.03483106931382793 0.03367003367003367 0.017845117845117844 
0.0137221269296741 0.03456619426201175 0.03367003367003367 0.01786195286195286 
0.03430531732418524 0.03379520108144644 0.03367003367003367 0.017954545454545456 
0.010291595197255574 0.03469812630117974 0.039525691699604744 0.01781144781144781 
0.010291595197255574 0.03469812630117974 0.03787878787878787 0.01782828282828283 
0.010291595197255574 0.03430531732418524 0.039525691699604744 0.01782828282828283 
0.010291595197255574 0.03430531732418524 0.03787878787878787 0.017845117845117844 
0.010291595197255574 0.03430531732418524 0.03636363636363636 0.01786195286195286 
0.010291595197255574 0.03379520108144644 0.039525691699604744 0.017845117845117844 
0.0137221269296741 0.033921302578018994 0.03367003367003367 0.018207070707070706 
0.010291595197255574 0.03379520108144644 0.03787878787878787 0.01786195286195286 
0.010291595197255574 0.03379520108144644 0.03636363636363636 0.017878787878787876 
0.0137221269296741 0.035236081747709654 0.03367003367003367 0.01782828282828283 
0.0137221269296741 0.03379520108144644 0.03367003367003367 0.018265993265993267 
0.00686106346483705 0.03404834865509023 0.03367003367003367 0.017946127946127943 
